 IND	  DX_1	  DX_2	  DX_3	  DX_4	  DY_1	  DY_2	  DY_3	  DY_4	  JEU1	  JEU2	  JEU3	  JEU4	  INT1	  INT2	  INT3	  INT4	    F1	    F2	    F3	    F4	   FIT	    TIME
   1	 0.021	-0.038	 0.012	-0.032	 0.002	 0.011	-0.016	 0.027	 0.113	 0.132	 0.103	 0.130	 0.042	 0.049	 0.052	 0.040	  5916	  7096	  7448	  7887	  7887	   03:07
   2	 0.062	-0.020	 0.022	 0.021	 0.034	 0.074	-0.031	 0.002	 0.109	 0.131	 0.134	 0.118	 0.034	 0.046	 0.048	 0.038	  5693	  7769	  7367	  7785	  7785	   03:22
   3	-0.029	-0.011	 0.008	 0.024	-0.044	 0.001	 0.003	 0.011	 0.122	 0.139	 0.115	 0.125	 0.055	 0.048	 0.041	 0.048	  7522	  5869	  7892	  7053	  7892	   03:09
   4	 0.051	-0.015	-0.016	-0.012	-0.014	 0.027	 0.005	 0.021	 0.140	 0.141	 0.151	 0.140	 0.050	 0.049	 0.045	 0.048	  5302	  7474	  7648	  7819	  7819	   03:01
   5	 0.007	 0.031	 0.027	 0.049	 0.006	 0.025	-0.007	-0.010	 0.141	 0.125	 0.133	 0.120	 0.048	 0.047	 0.041	 0.046	  6770	  6388	  7736	  7475	  7736	   03:09
   6	-0.022	 0.025	 0.002	-0.092	 0.036	-0.013	-0.003	 0.020	 0.128	 0.128	 0.142	 0.133	 0.051	 0.041	 0.045	 0.049	  7340	  5092	  5913	  9948	  9948	   03:14
   7	-0.034	 0.043	-0.045	-0.046	 0.005	-0.002	-0.032	-0.039	 0.141	 0.128	 0.133	 0.138	 0.051	 0.043	 0.047	 0.048	  7343	  4773	  8077	  8040	  8077	   03:04
   8	-0.017	 0.059	 0.025	 0.035	 0.007	-0.012	 0.039	-0.042	 0.138	 0.135	 0.140	 0.129	 0.045	 0.039	 0.047	 0.044	  7751	  4759	  7822	  8080	  8080	   03:05
   9	-0.018	 0.030	 0.041	 0.030	 0.004	 0.049	 0.035	-0.022	 0.129	 0.132	 0.130	 0.138	 0.043	 0.044	 0.049	 0.050	  7690	  5653	  7401	  7635	  7690	   03:05
  10	 0.013	-0.000	-0.031	-0.036	-0.051	 0.019	 0.007	-0.065	 0.130	 0.127	 0.127	 0.146	 0.042	 0.051	 0.042	 0.052	  6055	  6494	  8216	  7565	  8216	   03:05
  11	 0.024	-0.019	 0.032	-0.004	-0.022	-0.009	 0.059	 0.009	 0.129	 0.143	 0.120	 0.116	 0.043	 0.039	 0.051	 0.043	  6042	  6631	  7179	  8617	  8617	   03:08
  12	 0.078	 0.021	-0.062	 0.057	-0.021	-0.076	 0.055	 0.010	 0.119	 0.120	 0.133	 0.137	 0.043	 0.045	 0.040	 0.039	  4876	  7161	 10763	  5901	 10763	   03:16
  13	-0.078	 0.026	 0.013	-0.041	 0.018	-0.071	 0.098	-0.008	 0.125	 0.133	 0.137	 0.133	 0.040	 0.048	 0.050	 0.056	  8447	  3986	  6792	  9095	  9095	   03:07
  14	 0.013	 0.001	-0.000	 0.031	 0.017	-0.027	-0.020	 0.000	 0.126	 0.145	 0.122	 0.134	 0.039	 0.048	 0.041	 0.035	  6677	  6268	  8649	  6998	  8649	   03:05
  15	 0.047	-0.069	-0.017	-0.027	 0.073	-0.021	-0.008	-0.047	 0.110	 0.140	 0.124	 0.141	 0.045	 0.052	 0.046	 0.046	  4798	  7539	  8285	  7695	  8285	   03:05
  16	-0.024	 0.039	 0.005	-0.031	 0.000	-0.015	 0.021	-0.050	 0.127	 0.136	 0.142	 0.123	 0.046	 0.050	 0.043	 0.042	  7684	  4565	  6857	  9185	  9185	   03:19
  17	-0.023	-0.043	-0.056	-0.011	 0.094	-0.040	-0.034	-0.018	 0.150	 0.114	 0.132	 0.141	 0.040	 0.041	 0.041	 0.045	  5458	  7265	  9159	  6844	  9159	   03:09
  18	 0.002	-0.047	 0.034	 0.002	 0.070	 0.004	-0.009	 0.078	 0.135	 0.132	 0.130	 0.138	 0.045	 0.046	 0.042	 0.055	  5947	  7635	  7097	  7912	  7912	   03:11
  19	 0.037	-0.040	-0.032	-0.011	 0.040	 0.026	-0.039	 0.036	 0.126	 0.121	 0.144	 0.127	 0.042	 0.049	 0.043	 0.041	  5176	  8039	  7835	  7470	  8039	   02:57
  20	-0.009	 0.002	 0.010	-0.025	 0.031	 0.000	 0.022	 0.007	 0.130	 0.136	 0.117	 0.155	 0.052	 0.045	 0.037	 0.048	  6797	  5971	  7879	  7699	  7879	   03:03
  21	 0.029	 0.021	 0.056	-0.081	-0.016	 0.001	-0.004	-0.061	 0.116	 0.136	 0.112	 0.133	 0.041	 0.038	 0.060	 0.038	  6570	  5551	  5933	 10284	 10284	   03:17
  22	 0.034	 0.051	 0.061	 0.025	 0.021	-0.000	 0.003	-0.003	 0.126	 0.133	 0.128	 0.134	 0.041	 0.043	 0.044	 0.045	  7051	  5853	  7182	  8371	  8371	   03:14
  23	 0.031	-0.031	 0.052	 0.008	-0.039	 0.003	-0.012	-0.000	 0.150	 0.155	 0.121	 0.119	 0.045	 0.047	 0.048	 0.045	  5623	  7334	  6872	  8511	  8511	   03:18
  24	-0.044	-0.016	-0.084	-0.029	-0.001	-0.044	-0.029	-0.040	 0.111	 0.107	 0.131	 0.149	 0.048	 0.050	 0.039	 0.047	  6820	  5876	  9226	  6372	  9226	   03:54
  25	 0.030	 0.014	 0.071	 0.021	-0.041	 0.039	 0.037	-0.072	 0.129	 0.137	 0.125	 0.123	 0.038	 0.048	 0.043	 0.043	  6571	  6574	  6737	  8706	  8706	   03:09
  26	 0.006	-0.006	 0.008	 0.030	-0.025	-0.019	 0.030	-0.007	 0.133	 0.132	 0.127	 0.126	 0.046	 0.049	 0.046	 0.049	  6334	  6565	  8096	  7311	  8096	   03:06
  27	-0.035	 0.013	 0.077	 0.010	 0.019	-0.007	-0.056	-0.021	 0.122	 0.121	 0.114	 0.119	 0.049	 0.043	 0.045	 0.043	  7776	  5700	  6441	  8643	  8643	   04:02
  28	-0.035	 0.050	-0.003	-0.037	 0.028	-0.009	 0.025	-0.021	 0.129	 0.127	 0.132	 0.149	 0.046	 0.040	 0.041	 0.047	  7900	  4527	  7598	  8384	  8384	   03:07
  29	 0.040	 0.057	-0.052	 0.007	-0.033	-0.024	 0.010	-0.006	 0.118	 0.110	 0.115	 0.123	 0.043	 0.049	 0.048	 0.037	  6184	  5840	  9519	  6878	  9519	   03:23
  30	-0.031	-0.023	-0.067	 0.028	 0.018	 0.044	 0.042	 0.010	 0.116	 0.125	 0.152	 0.122	 0.047	 0.053	 0.042	 0.051	  7038	  6314	  8564	  6291	  8564	   03:14
  31	 0.050	-0.007	 0.019	 0.008	 0.020	 0.005	-0.013	 0.054	 0.121	 0.136	 0.131	 0.126	 0.044	 0.049	 0.039	 0.042	  5944	  7235	  7388	  7975	  7975	   03:12
  32	-0.048	-0.027	 0.041	-0.020	-0.006	 0.011	-0.013	 0.029	 0.129	 0.142	 0.146	 0.140	 0.042	 0.045	 0.051	 0.041	  7797	  6041	  6025	  8668	  8668	   03:07
  33	-0.009	 0.006	-0.018	-0.023	 0.011	 0.012	-0.070	 0.011	 0.131	 0.148	 0.118	 0.130	 0.042	 0.040	 0.038	 0.045	  7245	  5768	  7972	  7643	  7972	   03:05
  34	-0.063	 0.030	 0.016	-0.045	 0.040	-0.008	 0.006	-0.008	 0.138	 0.127	 0.131	 0.131	 0.048	 0.046	 0.041	 0.054	  8029	  4598	  6559	  9040	  9040	   03:05
  35	 0.057	 0.100	 0.046	-0.011	 0.021	 0.034	 0.047	 0.005	 0.128	 0.135	 0.140	 0.126	 0.053	 0.045	 0.045	 0.045	  7189	  4898	  6660	  9532	  9532	   03:24
  36	 0.055	-0.057	-0.004	-0.058	-0.020	 0.071	-0.030	-0.003	 0.120	 0.141	 0.120	 0.136	 0.051	 0.044	 0.047	 0.046	  4891	  8026	  7119	  8220	  8220	   03:10
  37	 0.005	 0.016	-0.011	-0.049	 0.025	 0.010	 0.014	 0.017	 0.139	 0.137	 0.128	 0.131	 0.045	 0.045	 0.043	 0.046	  6512	  5883	  7307	  8668	  8668	   03:21
  38	-0.017	-0.008	-0.024	 0.014	 0.013	 0.007	-0.007	 0.001	 0.114	 0.121	 0.132	 0.124	 0.044	 0.047	 0.047	 0.048	  6966	  6203	  8096	  7050	  8096	   02:59
  39	-0.015	 0.061	-0.016	 0.044	 0.049	-0.003	-0.058	 0.034	 0.143	 0.129	 0.121	 0.115	 0.047	 0.042	 0.045	 0.050	  7661	  5235	  8802	  6865	  8802	   03:13
  40	-0.053	-0.012	 0.011	 0.088	 0.056	-0.022	 0.013	 0.003	 0.131	 0.116	 0.130	 0.131	 0.041	 0.035	 0.046	 0.044	  7289	  6381	  8898	  6094	  8898	   03:18
  41	-0.006	 0.046	 0.001	 0.006	-0.088	 0.019	-0.001	-0.016	 0.124	 0.139	 0.121	 0.135	 0.047	 0.047	 0.048	 0.042	  8013	  5068	  7993	  7365	  8013	   03:18
  42	 0.010	 0.003	-0.028	 0.008	-0.032	-0.001	 0.028	 0.010	 0.127	 0.126	 0.139	 0.125	 0.048	 0.043	 0.044	 0.050	  6412	  6449	  8124	  7372	  8124	   03:01
  43	 0.038	 0.048	-0.022	-0.023	-0.005	 0.026	-0.053	 0.061	 0.123	 0.126	 0.110	 0.128	 0.041	 0.046	 0.046	 0.047	  6744	  6080	  8158	  7493	  8158	   03:24
  44	 0.046	 0.066	-0.005	 0.054	 0.035	 0.002	 0.009	-0.043	 0.132	 0.130	 0.134	 0.134	 0.043	 0.039	 0.049	 0.043	  6493	  5751	  9190	  6992	  9190	   03:13
  45	 0.017	-0.052	 0.042	-0.059	-0.027	-0.010	 0.010	-0.027	 0.132	 0.139	 0.126	 0.142	 0.043	 0.047	 0.049	 0.045	  5511	  7329	  6235	  9210	  9210	   03:06
  46	 0.015	-0.028	 0.017	 0.011	-0.022	 0.017	 0.077	 0.019	 0.142	 0.140	 0.143	 0.139	 0.045	 0.044	 0.045	 0.044	  5962	  7155	  7541	  7819	  7819	   03:15
  47	-0.007	 0.073	-0.025	 0.009	-0.061	 0.028	 0.023	-0.057	 0.135	 0.135	 0.149	 0.136	 0.047	 0.051	 0.040	 0.041	  7867	  4662	  8263	  7651	  8263	   03:13
  48	-0.018	 0.019	-0.030	-0.019	 0.003	-0.045	 0.024	 0.003	 0.128	 0.129	 0.116	 0.133	 0.054	 0.050	 0.048	 0.039	  6845	  5364	  8548	  7514	  8548	   03:07
  49	 0.069	-0.031	-0.007	 0.018	 0.017	-0.048	-0.017	-0.035	 0.138	 0.139	 0.144	 0.122	 0.039	 0.050	 0.044	 0.046	  4435	  7888	  8174	  7886	  8174	   02:51
  50	-0.010	-0.061	 0.004	 0.037	 0.057	 0.032	-0.074	 0.016	 0.141	 0.144	 0.136	 0.128	 0.049	 0.034	 0.046	 0.043	  6098	  7753	  8139	  6789	  8139	   02:31
  51	 0.021	 0.007	 0.005	 0.022	 0.051	 0.045	 0.032	 0.051	 0.143	 0.122	 0.123	 0.123	 0.045	 0.054	 0.046	 0.044	  5891	  7100	  7987	  7323	  7987	   02:39
  52	-0.040	 0.024	-0.011	-0.026	-0.035	 0.028	-0.036	-0.032	 0.133	 0.114	 0.119	 0.135	 0.051	 0.042	 0.038	 0.051	  7419	  5657	  7653	  7609	  7653	   02:30
  53	 0.024	-0.012	-0.030	 0.009	-0.016	-0.058	 0.053	 0.049	 0.138	 0.123	 0.137	 0.132	 0.048	 0.041	 0.049	 0.043	  5355	  7209	  8633	  7385	  8633	   02:33
  54	 0.001	 0.003	-0.010	-0.008	 0.036	-0.037	 0.011	 0.095	 0.115	 0.139	 0.141	 0.137	 0.053	 0.049	 0.045	 0.048	  7126	  6036	  7457	  7941	  7941	   02:39
  55	 0.036	 0.005	-0.013	-0.008	 0.029	 0.012	 0.066	-0.019	 0.120	 0.112	 0.137	 0.135	 0.046	 0.043	 0.046	 0.045	  5533	  6842	  8105	  7873	  8105	   02:41
  56	 0.021	 0.015	 0.047	 0.011	-0.034	-0.007	 0.021	-0.019	 0.124	 0.141	 0.127	 0.126	 0.040	 0.045	 0.040	 0.042	  6952	  6076	  7019	  8472	  8472	   02:47
  57	 0.016	-0.020	-0.019	-0.006	-0.036	 0.018	 0.054	 0.008	 0.134	 0.138	 0.147	 0.139	 0.041	 0.054	 0.049	 0.040	  6087	  6868	  7833	  7591	  7833	   02:31
  58	 0.022	 0.055	 0.000	 0.040	-0.047	 0.020	 0.002	-0.028	 0.125	 0.130	 0.146	 0.142	 0.035	 0.039	 0.045	 0.040	  7423	  5777	  8350	  7078	  8350	   02:41
  59	 0.000	-0.015	-0.053	-0.001	 0.027	-0.018	-0.063	 0.035	 0.126	 0.153	 0.130	 0.116	 0.041	 0.049	 0.052	 0.047	  6753	  6064	  8499	  7123	  8499	   02:34
  60	-0.019	-0.018	 0.049	 0.014	 0.022	 0.023	 0.006	 0.005	 0.126	 0.135	 0.119	 0.132	 0.043	 0.044	 0.043	 0.044	  7090	  6455	  7066	  7881	  7881	   02:31
  61	-0.020	 0.011	 0.033	-0.007	 0.012	 0.005	 0.012	 0.013	 0.125	 0.146	 0.125	 0.139	 0.044	 0.047	 0.048	 0.041	  7691	  5367	  7119	  8224	  8224	   02:36
  62	 0.033	 0.015	-0.037	-0.003	 0.023	 0.042	 0.034	-0.052	 0.134	 0.137	 0.109	 0.135	 0.047	 0.043	 0.037	 0.042	  5713	  6250	  9460	  7079	  9460	   02:45
  63	-0.013	-0.077	 0.003	 0.001	-0.071	 0.004	 0.025	-0.030	 0.137	 0.122	 0.132	 0.122	 0.048	 0.048	 0.051	 0.044	  5607	  7934	  7289	  7594	  7934	   02:34
  64	-0.029	-0.028	-0.042	 0.019	-0.024	-0.052	-0.022	-0.027	 0.129	 0.113	 0.129	 0.132	 0.040	 0.046	 0.042	 0.048	  6260	  6798	  8938	  6471	  8938	   02:41
  65	-0.010	-0.004	-0.039	 0.017	-0.004	-0.068	 0.019	-0.041	 0.122	 0.130	 0.134	 0.120	 0.044	 0.044	 0.043	 0.037	  6484	  5848	  8856	  7316	  8856	   02:34
  66	 0.027	-0.039	 0.015	 0.063	-0.007	 0.011	-0.021	-0.002	 0.096	 0.124	 0.134	 0.140	 0.050	 0.048	 0.044	 0.044	  6334	  7610	  8335	  6189	  8335	   02:35
  67	 0.040	-0.045	-0.063	-0.000	 0.026	-0.005	-0.099	-0.074	 0.123	 0.120	 0.126	 0.125	 0.045	 0.046	 0.047	 0.050	  4873	  7949	  9189	  6412	  9189	   03:23
  68	-0.058	-0.014	 0.084	-0.016	-0.033	-0.059	-0.047	-0.014	 0.124	 0.138	 0.128	 0.129	 0.038	 0.045	 0.042	 0.046	  8259	  5493	  5547	  9342	  9342	   02:34
  69	 0.032	-0.013	 0.031	 0.075	 0.044	-0.012	 0.036	-0.034	 0.148	 0.129	 0.137	 0.140	 0.052	 0.046	 0.051	 0.044	  5205	  7601	  8680	  6754	  8680	   02:36
  70	-0.041	-0.027	 0.015	 0.060	-0.007	-0.082	 0.007	-0.011	 0.132	 0.136	 0.157	 0.143	 0.045	 0.043	 0.037	 0.040	  7234	  6354	  7982	  7120	  7982	   02:45
  71	-0.005	-0.003	-0.015	 0.043	-0.004	 0.014	-0.006	-0.012	 0.137	 0.142	 0.128	 0.141	 0.046	 0.044	 0.049	 0.047	  6702	  6415	  8978	  6249	  8978	   02:34
  72	 0.020	-0.012	-0.058	 0.033	 0.044	 0.004	-0.034	-0.030	 0.139	 0.133	 0.126	 0.125	 0.042	 0.042	 0.052	 0.039	  5575	  6945	  9761	  6182	  9761	   02:43
  73	 0.011	-0.044	 0.044	 0.027	-0.024	 0.040	 0.017	-0.025	 0.112	 0.132	 0.117	 0.137	 0.049	 0.047	 0.044	 0.050	  6372	  7380	  7463	  7178	  7463	   02:35
  74	 0.007	-0.009	-0.034	 0.013	-0.017	 0.002	 0.002	 0.056	 0.130	 0.115	 0.138	 0.115	 0.041	 0.040	 0.053	 0.045	  6118	  7110	  8018	  7274	  8018	   02:33
  75	 0.018	-0.005	 0.006	-0.055	-0.015	 0.052	-0.049	 0.059	 0.153	 0.124	 0.116	 0.146	 0.043	 0.050	 0.038	 0.052	  5747	  7531	  7114	  7978	  7978	   02:35
  76	-0.024	-0.014	 0.033	-0.061	-0.057	 0.044	 0.012	-0.023	 0.127	 0.136	 0.130	 0.121	 0.046	 0.050	 0.046	 0.049	  7277	  6007	  5513	  9476	  9476	   02:41
  77	-0.045	 0.047	 0.020	 0.032	-0.043	 0.009	 0.015	 0.057	 0.123	 0.116	 0.126	 0.111	 0.050	 0.039	 0.043	 0.046	  8718	  5058	  7120	  7714	  8718	   02:45
  78	-0.016	 0.019	-0.014	 0.000	-0.023	 0.013	 0.023	 0.014	 0.146	 0.133	 0.123	 0.135	 0.046	 0.048	 0.039	 0.054	  6905	  5927	  8223	  7256	  8223	   02:37
  79	-0.010	 0.032	 0.003	-0.033	 0.027	-0.043	-0.043	 0.022	 0.121	 0.135	 0.127	 0.127	 0.050	 0.044	 0.044	 0.046	  7487	  5118	  7197	  8658	  8658	   02:35
  80	-0.048	 0.001	 0.007	-0.022	 0.068	 0.015	 0.004	 0.032	 0.148	 0.134	 0.130	 0.110	 0.036	 0.044	 0.041	 0.037	  7282	  5647	  6867	  8869	  8869	   02:40
  81	 0.026	-0.010	-0.004	 0.003	-0.026	-0.036	-0.014	-0.006	 0.127	 0.161	 0.128	 0.152	 0.047	 0.038	 0.041	 0.049	  6458	  6281	  8489	  7228	  8489	   02:24
  82	-0.015	-0.060	 0.014	 0.005	-0.036	-0.002	-0.020	-0.047	 0.144	 0.124	 0.129	 0.118	 0.044	 0.046	 0.050	 0.045	  5495	  7703	  7292	  7869	  7869	   03:23
  83	-0.055	-0.002	 0.001	-0.015	-0.005	-0.061	 0.045	 0.034	 0.134	 0.128	 0.116	 0.124	 0.044	 0.038	 0.047	 0.044	  7389	  5492	  7620	  8122	  8122	   02:59
  84	 0.065	-0.004	-0.006	-0.001	-0.003	-0.051	-0.019	-0.026	 0.125	 0.132	 0.137	 0.127	 0.045	 0.045	 0.042	 0.043	  5089	  7184	  8050	  8111	  8111	   02:38
  85	-0.011	-0.024	-0.043	-0.009	 0.033	-0.018	 0.072	 0.038	 0.131	 0.120	 0.144	 0.136	 0.057	 0.044	 0.053	 0.044	  5089	  7184	  8050	  8111	  8111	   08:10
  86	-0.002	-0.024	-0.038	-0.051	-0.009	-0.028	-0.017	-0.016	 0.146	 0.131	 0.110	 0.151	 0.043	 0.045	 0.048	 0.048	  5089	  7184	  8050	  8111	  8111	   08:06
  87	 0.004	 0.056	 0.002	-0.005	 0.012	-0.009	-0.011	-0.004	 0.131	 0.129	 0.120	 0.127	 0.044	 0.047	 0.040	 0.045	  5089	  7184	  8050	  8111	  8111	   08:18
  88	 0.028	 0.010	 0.068	-0.010	 0.003	-0.023	 0.018	 0.022	 0.139	 0.117	 0.133	 0.131	 0.049	 0.042	 0.055	 0.042	  5898	  7047	  6201	  9208	  9208	   04:19
  89	-0.026	 0.012	-0.018	-0.003	 0.037	-0.035	 0.024	 0.026	 0.115	 0.143	 0.131	 0.112	 0.052	 0.042	 0.047	 0.040	  7628	  4920	  7698	  8159	  8159	   05:30
  90	-0.051	 0.023	-0.049	 0.005	 0.015	 0.031	-0.028	 0.037	 0.136	 0.130	 0.113	 0.126	 0.037	 0.048	 0.049	 0.043	  7837	  5244	  8905	  6480	  8905	   02:49
  91	 0.026	 0.028	-0.023	-0.021	-0.016	-0.055	-0.081	 0.039	 0.128	 0.120	 0.137	 0.121	 0.042	 0.045	 0.047	 0.045	  6367	  6479	  7597	  8221	  8221	   02:55
  92	-0.037	 0.002	-0.069	-0.026	-0.002	 0.048	-0.037	 0.047	 0.117	 0.132	 0.129	 0.136	 0.049	 0.038	 0.054	 0.049	  7685	  5467	  8469	  6679	  8469	   02:54
  93	-0.012	-0.054	 0.029	-0.013	 0.008	-0.000	 0.015	 0.039	 0.123	 0.122	 0.118	 0.115	 0.042	 0.047	 0.043	 0.043	  6142	  7404	  6636	  8346	  8346	   02:50
  94	-0.012	 0.012	 0.018	-0.009	-0.064	 0.022	 0.019	-0.009	 0.116	 0.131	 0.143	 0.132	 0.049	 0.050	 0.048	 0.042	  7770	  5748	  6638	  8244	  8244	   03:00
  95	 0.009	 0.028	-0.046	 0.067	-0.045	-0.017	-0.009	 0.017	 0.138	 0.148	 0.135	 0.125	 0.039	 0.046	 0.045	 0.043	  7049	  5886	  9651	  5927	  9651	   03:06
  96	 0.101	-0.009	 0.053	 0.005	-0.049	 0.024	-0.002	 0.002	 0.114	 0.147	 0.132	 0.139	 0.042	 0.048	 0.046	 0.041	  5386	  7719	  6988	  8363	  8363	   04:56
  97	-0.020	-0.004	-0.022	 0.002	 0.042	 0.051	-0.011	-0.048	 0.136	 0.127	 0.124	 0.130	 0.039	 0.044	 0.042	 0.043	  6580	  6353	  8388	  7221	  8388	   02:34
  98	 0.034	 0.034	-0.006	-0.044	 0.007	-0.013	 0.026	-0.001	 0.133	 0.118	 0.140	 0.133	 0.045	 0.045	 0.044	 0.047	  5980	  6289	  7196	  8885	  8885	   02:48
  99	-0.073	-0.011	 0.010	 0.040	 0.015	-0.027	 0.011	-0.007	 0.119	 0.150	 0.119	 0.132	 0.040	 0.042	 0.046	 0.041	  8563	  4810	  8277	  6909	  8563	   02:39
 100	 0.043	-0.016	 0.029	-0.005	-0.001	-0.033	-0.048	 0.021	 0.119	 0.127	 0.136	 0.147	 0.044	 0.048	 0.052	 0.042	  5754	  7401	  7306	  8005	  8005	   03:22
 101	-0.001	 0.001	-0.033	 0.016	-0.018	-0.005	-0.018	 0.015	 0.137	 0.115	 0.145	 0.119	 0.046	 0.046	 0.051	 0.046	  6179	  6824	  8050	  7278	  8050	   02:39
 102	 0.053	-0.035	-0.010	-0.009	 0.059	 0.008	-0.005	-0.013	 0.140	 0.125	 0.138	 0.138	 0.045	 0.046	 0.047	 0.050	  4485	  8072	  8028	  7725	  8072	   02:39
 103	 0.031	-0.010	-0.039	-0.020	 0.041	-0.004	-0.018	 0.013	 0.122	 0.140	 0.125	 0.131	 0.047	 0.047	 0.041	 0.038	  5926	  6540	  8523	  7499	  8523	   02:48
 104	 0.041	 0.037	-0.010	-0.018	-0.019	 0.034	 0.008	-0.015	 0.143	 0.122	 0.156	 0.144	 0.040	 0.044	 0.044	 0.051	  5990	  6738	  7452	  8187	  8187	   02:41
 105	 0.006	-0.056	 0.024	-0.014	 0.014	 0.013	 0.031	 0.043	 0.138	 0.131	 0.136	 0.126	 0.044	 0.042	 0.040	 0.043	  5598	  7820	  6682	  8448	  8448	   02:44
 106	 0.045	 0.022	 0.046	-0.070	-0.076	 0.001	-0.059	-0.052	 0.124	 0.141	 0.127	 0.106	 0.044	 0.048	 0.042	 0.045	  6420	  6054	  5291	 10566	 10566	   03:16
 107	-0.016	-0.050	-0.002	-0.018	 0.038	-0.064	 0.049	-0.025	 0.122	 0.117	 0.125	 0.145	 0.047	 0.041	 0.044	 0.052	  5632	  6953	  8037	  7740	  8037	   02:41
 108	-0.066	 0.005	-0.007	 0.052	-0.014	-0.026	-0.005	 0.006	 0.140	 0.142	 0.133	 0.129	 0.044	 0.047	 0.040	 0.041	  8155	  5278	  8445	  6674	  8445	   02:31
 109	-0.008	 0.037	 0.030	-0.024	-0.020	-0.032	-0.037	-0.001	 0.139	 0.124	 0.125	 0.116	 0.041	 0.043	 0.050	 0.051	  7044	  5622	  6615	  9087	  9087	   02:38
 110	 0.008	-0.003	 0.036	 0.056	 0.039	 0.022	 0.001	-0.036	 0.128	 0.130	 0.132	 0.144	 0.039	 0.046	 0.042	 0.047	  6564	  6894	  8187	  6846	  8187	   02:29
 111	 0.023	 0.033	 0.004	 0.017	 0.030	-0.025	-0.003	-0.017	 0.133	 0.119	 0.124	 0.150	 0.045	 0.042	 0.046	 0.044	  6260	  6348	  8712	  7104	  8712	   02:27
 112	 0.008	-0.036	-0.042	 0.083	 0.032	-0.031	-0.004	-0.035	 0.119	 0.140	 0.127	 0.102	 0.047	 0.052	 0.043	 0.047	  5959	  6781	  9650	  5866	  9650	   02:31
 113	 0.017	-0.023	 0.014	 0.002	-0.010	 0.033	-0.053	 0.033	 0.134	 0.111	 0.135	 0.136	 0.047	 0.045	 0.050	 0.051	  5709	  7970	  7300	  7425	  7970	   02:31
 114	 0.012	 0.009	 0.020	 0.019	-0.012	-0.011	-0.024	-0.018	 0.147	 0.115	 0.114	 0.157	 0.046	 0.046	 0.046	 0.049	  5852	  7197	  8590	  6703	  8590	   02:32
 115	 0.043	 0.045	 0.016	-0.002	 0.008	-0.024	-0.008	 0.027	 0.129	 0.128	 0.134	 0.133	 0.042	 0.047	 0.039	 0.043	  6477	  6235	  7517	  8293	  8293	   02:31
 116	-0.022	 0.007	 0.018	 0.012	 0.002	 0.007	 0.081	 0.047	 0.130	 0.131	 0.141	 0.114	 0.044	 0.040	 0.049	 0.041	  7395	  5820	  6941	  8412	  8412	   02:34
 117	-0.001	 0.005	-0.005	-0.039	-0.031	-0.023	 0.004	-0.008	 0.131	 0.118	 0.126	 0.130	 0.042	 0.041	 0.052	 0.042	  6323	  6287	  7348	  8447	  8447	   02:33
 118	-0.025	-0.005	-0.005	 0.003	-0.030	 0.036	-0.027	 0.008	 0.142	 0.125	 0.130	 0.146	 0.041	 0.052	 0.039	 0.046	  6915	  6734	  7890	  6922	  7890	   02:31
 119	-0.013	 0.000	 0.089	 0.033	-0.010	 0.041	-0.040	-0.012	 0.134	 0.123	 0.133	 0.128	 0.049	 0.043	 0.047	 0.045	  7161	  6898	  6195	  8298	  8298	   03:04
 120	 0.025	 0.008	-0.047	 0.046	-0.012	 0.009	 0.061	-0.059	 0.133	 0.124	 0.130	 0.119	 0.043	 0.046	 0.047	 0.045	  5606	  6534	  9710	  6537	  9710	   02:42
 121	 0.039	-0.022	 0.036	 0.013	-0.054	 0.016	 0.009	-0.014	 0.141	 0.129	 0.139	 0.128	 0.050	 0.044	 0.046	 0.053	  5456	  7726	  6979	  8143	  8143	   02:42
 122	-0.033	 0.027	-0.044	-0.020	-0.008	 0.010	-0.016	-0.020	 0.124	 0.121	 0.122	 0.142	 0.043	 0.047	 0.045	 0.036	  7486	  5250	  8670	  7040	  8670	   02:25
 123	-0.008	-0.065	 0.003	 0.072	-0.008	-0.003	 0.000	 0.015	 0.118	 0.149	 0.106	 0.120	 0.044	 0.048	 0.048	 0.047	  6409	  7226	  8964	  5797	  8964	   02:34
 124	-0.000	 0.041	 0.009	-0.067	 0.006	-0.041	-0.010	-0.011	 0.134	 0.123	 0.135	 0.138	 0.043	 0.045	 0.043	 0.045	  6873	  5437	  6659	  9469	  9469	   02:34
 125	 0.001	 0.045	 0.029	-0.007	 0.028	-0.011	 0.020	 0.004	 0.106	 0.133	 0.135	 0.133	 0.048	 0.040	 0.049	 0.040	  7910	  4806	  7014	  8687	  8687	   02:32
 126	 0.019	 0.004	 0.002	 0.048	 0.063	-0.029	-0.019	-0.021	 0.139	 0.143	 0.150	 0.129	 0.044	 0.042	 0.035	 0.052	  6298	  6484	  8352	  7392	  8352	   02:34
 127	-0.056	 0.042	 0.024	-0.012	 0.062	-0.016	 0.032	 0.048	 0.133	 0.116	 0.113	 0.125	 0.045	 0.049	 0.044	 0.042	  8021	  4836	  7230	  8370	  8370	   02:48
 128	-0.041	-0.006	-0.008	 0.011	 0.046	 0.055	-0.038	 0.019	 0.135	 0.133	 0.138	 0.124	 0.036	 0.045	 0.050	 0.042	  7452	  6105	  7627	  7399	  7627	   02:27
 129	-0.014	-0.037	 0.014	 0.029	-0.050	 0.030	-0.001	-0.028	 0.147	 0.132	 0.131	 0.126	 0.050	 0.042	 0.050	 0.048	  6159	  7328	  7671	  7212	  7671	   02:29
 130	-0.038	-0.018	-0.012	 0.003	 0.024	 0.078	 0.028	 0.020	 0.145	 0.129	 0.139	 0.130	 0.046	 0.049	 0.047	 0.044	  6851	  6684	  7503	  7333	  7503	   02:27
 131	-0.004	-0.080	 0.021	 0.038	 0.019	 0.006	 0.020	 0.005	 0.140	 0.134	 0.129	 0.114	 0.046	 0.052	 0.047	 0.047	  5242	  8123	  7559	  7379	  8123	   03:04
 132	-0.027	 0.006	-0.012	-0.001	-0.080	 0.030	 0.003	-0.019	 0.124	 0.123	 0.135	 0.113	 0.049	 0.041	 0.045	 0.045	  7569	  5927	  7209	  7797	  7797	   02:28
 133	 0.030	-0.033	 0.009	-0.034	-0.042	-0.047	-0.026	-0.032	 0.117	 0.126	 0.107	 0.134	 0.047	 0.056	 0.040	 0.047	  5408	  7137	  7677	  8001	  8001	   02:33
 134	-0.069	-0.052	-0.006	 0.035	-0.017	 0.047	-0.044	 0.012	 0.139	 0.147	 0.120	 0.127	 0.045	 0.049	 0.050	 0.044	  7510	  6584	  8109	  6262	  8109	   02:48
 135	-0.012	-0.002	-0.050	 0.001	 0.052	-0.014	 0.040	-0.005	 0.129	 0.126	 0.112	 0.136	 0.042	 0.040	 0.034	 0.046	  6296	  6051	  9577	  6623	  9577	   02:31
 136	 0.003	 0.018	-0.021	-0.034	-0.000	 0.063	-0.001	-0.031	 0.151	 0.126	 0.139	 0.131	 0.046	 0.043	 0.045	 0.053	  6158	  6479	  7425	  8257	  8257	   02:31
 137	-0.043	-0.007	-0.001	-0.041	 0.001	-0.008	 0.011	 0.023	 0.128	 0.119	 0.123	 0.113	 0.048	 0.057	 0.045	 0.046	  7150	  5793	  6593	  8644	  8644	   02:35
 138	-0.031	-0.100	 0.011	 0.060	 0.025	 0.038	-0.000	 0.025	 0.113	 0.125	 0.131	 0.132	 0.043	 0.041	 0.043	 0.043	  6280	  8374	  8066	  6039	  8374	   02:42
 139	 0.010	 0.053	 0.060	 0.016	-0.028	 0.021	-0.052	-0.023	 0.145	 0.111	 0.118	 0.128	 0.048	 0.045	 0.044	 0.047	  6818	  6390	  7012	  8171	  8171	   02:31
 140	 0.009	-0.032	 0.023	-0.054	-0.013	-0.019	 0.017	 0.003	 0.127	 0.128	 0.133	 0.121	 0.043	 0.044	 0.042	 0.046	  5924	  6944	  6105	  9453	  9453	   02:35
 141	 0.005	-0.048	-0.057	 0.015	 0.013	 0.021	 0.041	-0.066	 0.112	 0.134	 0.121	 0.127	 0.045	 0.042	 0.048	 0.051	  5687	  6802	  9432	  6359	  9432	   02:27
 142	 0.016	 0.024	-0.027	 0.023	-0.004	 0.062	 0.005	 0.042	 0.137	 0.128	 0.118	 0.122	 0.048	 0.041	 0.042	 0.044	  6535	  6526	  8712	  6660	  8712	   02:39
 143	-0.018	 0.017	-0.026	 0.038	-0.006	 0.050	-0.002	 0.023	 0.136	 0.134	 0.125	 0.134	 0.051	 0.046	 0.049	 0.040	  7254	  6022	  8887	  6198	  8887	   02:35
 144	-0.021	 0.078	-0.020	-0.031	-0.018	 0.014	-0.025	 0.001	 0.136	 0.135	 0.135	 0.128	 0.048	 0.041	 0.050	 0.049	  8124	  4151	  7503	  8465	  8465	   02:49
 145	 0.003	 0.029	 0.043	 0.022	 0.055	-0.034	 0.057	-0.045	 0.137	 0.127	 0.134	 0.111	 0.051	 0.043	 0.051	 0.050	  6462	  5583	  7167	  8990	  8990	   02:35
 146	 0.007	-0.007	-0.054	-0.014	-0.023	-0.047	 0.034	 0.001	 0.131	 0.146	 0.124	 0.124	 0.041	 0.045	 0.041	 0.042	  6143	  6013	  8987	  7400	  8987	   02:37
 147	 0.023	-0.040	-0.110	-0.049	-0.011	-0.032	-0.045	 0.006	 0.130	 0.118	 0.119	 0.140	 0.053	 0.042	 0.043	 0.044	  4688	  7525	  9773	  6366	  9773	   02:35
 148	-0.025	 0.009	-0.025	 0.026	 0.022	-0.037	-0.026	-0.005	 0.126	 0.137	 0.128	 0.129	 0.051	 0.046	 0.040	 0.041	  7296	  5511	  8739	  6886	  8739	   02:32
 149	 0.012	 0.016	 0.063	-0.024	-0.002	-0.030	 0.014	 0.032	 0.120	 0.144	 0.123	 0.145	 0.038	 0.051	 0.047	 0.043	  7312	  5804	  6402	  8945	  8945	   02:31
 150	-0.015	-0.019	-0.029	-0.004	-0.027	-0.006	-0.030	 0.029	 0.131	 0.135	 0.120	 0.127	 0.054	 0.036	 0.051	 0.045	  6584	  6412	  8268	  7098	  8268	   02:27
 151	-0.038	-0.029	 0.013	-0.022	-0.011	 0.006	 0.037	-0.087	 0.131	 0.125	 0.129	 0.140	 0.041	 0.040	 0.042	 0.048	  6636	  6353	  7321	  8208	  8208	   02:31
 152	 0.045	-0.034	-0.026	-0.007	 0.024	-0.025	-0.015	 0.046	 0.154	 0.125	 0.133	 0.143	 0.041	 0.044	 0.044	 0.051	  4406	  8376	  8504	  7198	  8504	   02:25
 153	-0.033	 0.020	 0.053	 0.010	 0.009	 0.040	 0.007	 0.072	 0.125	 0.134	 0.120	 0.120	 0.049	 0.048	 0.046	 0.038	  8277	  5515	  6423	  8324	  8324	   02:35
 154	 0.054	 0.017	-0.036	 0.015	 0.005	-0.015	-0.066	 0.044	 0.125	 0.136	 0.128	 0.117	 0.046	 0.043	 0.044	 0.047	  6000	  6821	  8607	  7120	  8607	   02:39
 155	-0.001	-0.030	 0.050	 0.028	-0.055	-0.014	-0.014	 0.007	 0.130	 0.137	 0.124	 0.109	 0.046	 0.037	 0.044	 0.040	  6680	  6969	  6745	  8240	  8240	   02:36
 156	 0.011	-0.017	 0.017	-0.015	-0.031	-0.016	 0.033	-0.039	 0.132	 0.122	 0.139	 0.138	 0.048	 0.047	 0.045	 0.047	  5871	  6932	  7182	  8323	  8323	   02:37
 157	-0.006	-0.025	 0.038	 0.050	 0.020	-0.030	 0.043	-0.015	 0.132	 0.098	 0.134	 0.123	 0.044	 0.039	 0.042	 0.046	  5744	  7628	  7604	  7543	  7628	   02:41
 158	 0.008	-0.026	 0.039	-0.029	-0.009	 0.006	-0.035	-0.036	 0.135	 0.126	 0.142	 0.107	 0.045	 0.051	 0.043	 0.049	  5875	  7108	  5720	  9558	  9558	   02:41
 159	-0.021	-0.014	 0.006	-0.042	-0.066	-0.020	 0.047	-0.007	 0.123	 0.127	 0.129	 0.138	 0.039	 0.044	 0.045	 0.050	  7116	  6062	  6972	  8377	  8377	   02:27
 160	-0.050	 0.013	 0.018	 0.024	-0.029	 0.029	 0.052	 0.018	 0.136	 0.127	 0.145	 0.143	 0.050	 0.042	 0.044	 0.043	  8102	  5711	  7322	  7397	  8102	   02:40
 161	-0.037	 0.027	-0.015	-0.035	-0.020	-0.007	-0.042	 0.053	 0.146	 0.138	 0.123	 0.132	 0.043	 0.051	 0.048	 0.047	  7603	  5328	  7433	  7995	  7995	   02:33
 162	-0.011	 0.019	-0.014	-0.047	 0.033	-0.011	-0.006	 0.016	 0.126	 0.123	 0.128	 0.124	 0.047	 0.046	 0.036	 0.046	  6934	  5640	  7186	  8691	  8691	   02:28
 163	 0.025	 0.023	-0.001	 0.027	 0.011	-0.021	-0.033	-0.002	 0.130	 0.142	 0.126	 0.137	 0.044	 0.049	 0.042	 0.049	  6646	  6139	  8557	  7042	  8557	   02:32
 164	-0.003	-0.021	 0.007	-0.064	-0.007	 0.057	 0.027	-0.010	 0.125	 0.124	 0.122	 0.121	 0.039	 0.045	 0.038	 0.041	  6337	  6712	  6390	  9103	  9103	   02:33
 165	 0.020	-0.002	 0.032	 0.051	 0.031	-0.040	-0.010	 0.012	 0.122	 0.107	 0.127	 0.135	 0.050	 0.037	 0.044	 0.048	  5964	  7299	  8167	  7099	  8167	   02:27
 166	 0.015	-0.008	 0.028	-0.027	 0.001	-0.038	 0.016	 0.038	 0.108	 0.130	 0.137	 0.120	 0.043	 0.045	 0.044	 0.040	  6775	  6353	  6264	  9180	  9180	   02:31
 167	-0.029	 0.011	 0.023	-0.017	-0.015	 0.054	 0.015	-0.005	 0.134	 0.138	 0.141	 0.124	 0.044	 0.047	 0.046	 0.040	  7649	  5680	  6376	  8741	  8741	   02:34
 168	 0.018	 0.004	-0.009	-0.039	 0.011	-0.028	 0.029	-0.017	 0.128	 0.118	 0.122	 0.125	 0.043	 0.044	 0.050	 0.049	  5737	  6403	  7601	  8523	  8523	   02:32
 169	 0.004	-0.017	-0.017	-0.002	 0.000	 0.037	 0.063	 0.030	 0.118	 0.128	 0.143	 0.131	 0.040	 0.040	 0.054	 0.048	  6574	  6611	  7646	  7577	  7646	   02:31
 170	-0.046	 0.008	 0.058	-0.017	-0.052	-0.020	 0.018	 0.018	 0.132	 0.138	 0.123	 0.117	 0.047	 0.043	 0.046	 0.044	  8170	  5270	  5853	  9197	  9197	   02:43
 171	-0.004	-0.030	 0.022	-0.016	-0.028	 0.014	-0.022	 0.041	 0.127	 0.151	 0.128	 0.130	 0.046	 0.046	 0.039	 0.033	  6960	  6574	  6845	  8249	  8249	   02:35
 172	 0.004	-0.038	 0.040	-0.030	-0.026	 0.018	-0.006	-0.056	 0.122	 0.113	 0.129	 0.134	 0.038	 0.044	 0.049	 0.049	  5868	  7493	  6405	  8668	  8668	   02:35
 173	-0.023	-0.046	 0.021	-0.003	-0.009	 0.035	 0.027	-0.013	 0.132	 0.144	 0.115	 0.141	 0.040	 0.039	 0.048	 0.049	  6625	  6774	  7624	  7433	  7624	   02:25
 174	-0.030	 0.007	 0.026	 0.025	 0.009	 0.017	-0.021	 0.007	 0.135	 0.131	 0.139	 0.128	 0.046	 0.043	 0.040	 0.042	  7493	  6050	  7227	  7772	  7772	   02:29
 175	-0.002	-0.001	-0.033	-0.043	-0.019	 0.058	 0.022	 0.031	 0.136	 0.123	 0.131	 0.132	 0.042	 0.047	 0.041	 0.039	  6420	  6639	  7545	  7869	  7869	   02:31
 176	-0.092	 0.038	-0.035	 0.034	 0.016	 0.068	 0.001	-0.014	 0.124	 0.109	 0.140	 0.130	 0.037	 0.042	 0.044	 0.042	  9028	  4970	  8332	  6379	  9028	   02:37
 177	 0.059	-0.033	-0.032	 0.014	 0.004	 0.024	-0.023	-0.024	 0.117	 0.131	 0.145	 0.124	 0.038	 0.052	 0.049	 0.047	  5037	  7818	  8272	  7178	  8272	   02:39
 178	-0.005	-0.001	-0.019	-0.028	 0.078	 0.008	 0.038	-0.029	 0.120	 0.119	 0.148	 0.137	 0.045	 0.037	 0.045	 0.047	  6404	  5995	  7595	  8436	  8436	   02:27
 179	-0.004	-0.009	-0.025	 0.032	 0.045	-0.056	 0.049	 0.028	 0.132	 0.131	 0.142	 0.129	 0.040	 0.053	 0.045	 0.044	  6239	  6471	  8625	  7146	  8625	   02:32
 180	 0.035	 0.040	-0.075	-0.053	-0.003	 0.016	-0.032	-0.033	 0.135	 0.130	 0.122	 0.118	 0.047	 0.043	 0.047	 0.039	  5871	  5666	  8737	  8097	  8737	   02:36
 181	 0.016	-0.022	-0.015	 0.018	 0.050	-0.087	-0.014	-0.082	 0.133	 0.138	 0.132	 0.121	 0.046	 0.053	 0.038	 0.039	  5523	  6459	  8682	  7792	  8682	   02:59
 182	-0.003	-0.068	-0.002	-0.012	-0.047	-0.039	 0.030	 0.015	 0.125	 0.137	 0.122	 0.129	 0.052	 0.051	 0.042	 0.036	  5806	  7294	  7632	  7699	  7699	   02:52
 183	 0.028	 0.063	 0.007	-0.028	-0.059	 0.091	-0.040	 0.025	 0.119	 0.133	 0.117	 0.135	 0.042	 0.041	 0.053	 0.038	  7669	  5626	  7262	  7956	  7956	   02:52
 184	 0.001	 0.071	-0.027	 0.020	 0.047	-0.042	-0.025	 0.077	 0.115	 0.141	 0.136	 0.132	 0.046	 0.050	 0.048	 0.053	  8158	  4627	  8485	  7246	  8485	   02:44
 185	 0.067	 0.013	-0.001	 0.019	-0.002	-0.022	-0.003	-0.037	 0.144	 0.126	 0.125	 0.129	 0.046	 0.050	 0.046	 0.044	  4757	  7361	  8647	  7516	  8647	   02:50
 186	-0.028	-0.041	 0.027	 0.004	-0.037	 0.032	 0.013	 0.025	 0.121	 0.128	 0.124	 0.145	 0.048	 0.043	 0.036	 0.042	  7195	  7011	  7180	  7268	  7268	   02:37
 187	 0.077	 0.031	-0.003	-0.038	-0.013	 0.023	 0.016	-0.038	 0.130	 0.133	 0.132	 0.133	 0.047	 0.042	 0.047	 0.045	  5291	  6606	  7645	  8813	  8813	   02:41
 188	-0.032	 0.011	 0.037	 0.037	 0.014	-0.017	-0.010	 0.029	 0.141	 0.143	 0.141	 0.148	 0.044	 0.037	 0.045	 0.046	  7723	  5812	  7575	  7493	  7723	   02:29
 189	 0.012	-0.025	-0.023	-0.018	 0.014	-0.015	-0.012	-0.011	 0.128	 0.129	 0.126	 0.122	 0.049	 0.041	 0.043	 0.041	  5715	  6852	  7988	  7871	  7988	   02:27
 190	-0.008	-0.043	 0.009	-0.074	-0.040	-0.004	-0.050	 0.066	 0.127	 0.134	 0.126	 0.130	 0.047	 0.044	 0.044	 0.052	  6440	  6994	  6043	  8957	  8957	   03:10
 191	-0.059	 0.022	-0.036	 0.007	 0.016	-0.033	 0.002	-0.024	 0.142	 0.130	 0.136	 0.122	 0.049	 0.046	 0.046	 0.048	  7582	  4895	  8332	  7442	  8332	   02:30
 192	-0.042	 0.034	-0.013	-0.037	 0.010	-0.005	-0.024	-0.001	 0.118	 0.145	 0.136	 0.117	 0.037	 0.040	 0.048	 0.044	  8484	  4143	  6960	  8907	  8907	   02:31
 193	 0.037	 0.016	 0.025	 0.023	-0.038	 0.003	-0.023	 0.014	 0.134	 0.119	 0.138	 0.144	 0.050	 0.043	 0.043	 0.047	  6078	  7225	  7661	  7445	  7661	   02:31
 194	-0.007	 0.035	 0.035	-0.014	 0.004	 0.025	-0.062	 0.024	 0.136	 0.122	 0.138	 0.137	 0.048	 0.036	 0.043	 0.043	  7370	  6062	  6699	  8481	  8481	   02:31
 195	 0.048	 0.025	-0.020	 0.006	 0.009	 0.015	-0.029	 0.065	 0.121	 0.120	 0.148	 0.135	 0.042	 0.048	 0.047	 0.046	  6228	  6959	  7851	  7437	  7851	   02:29
 196	-0.062	 0.036	-0.009	-0.006	 0.029	-0.050	 0.044	-0.003	 0.136	 0.121	 0.147	 0.118	 0.049	 0.044	 0.039	 0.041	  7932	  4661	  7272	  8623	  8623	   02:31
 197	 0.019	 0.018	-0.008	 0.043	 0.007	 0.036	 0.008	 0.008	 0.156	 0.134	 0.140	 0.128	 0.048	 0.041	 0.046	 0.050	  6050	  6880	  8435	  6962	  8435	   02:33
 198	 0.014	-0.021	-0.021	 0.012	 0.024	-0.002	 0.040	 0.041	 0.121	 0.129	 0.135	 0.122	 0.050	 0.048	 0.041	 0.049	  6052	  6889	  8031	  7375	  8031	   02:29
 199	-0.027	 0.009	-0.040	 0.045	-0.040	 0.020	-0.041	-0.054	 0.142	 0.124	 0.124	 0.143	 0.047	 0.051	 0.048	 0.046	  6851	  6396	  9540	  5491	  9540	   02:35
 200	 0.002	 0.039	 0.012	 0.041	-0.030	-0.006	-0.015	-0.045	 0.144	 0.117	 0.132	 0.126	 0.045	 0.047	 0.043	 0.046	  6652	  6219	  8173	  7317	  8173	   02:29
