 IND	  DX_1	  DX_2	  DX_3	  DX_4	  DY_1	  DY_2	  DY_3	  DY_4	  JEU1	  JEU2	  JEU3	  JEU4	  INT1	  INT2	  INT3	  INT4	    F1	    F2	    F3	    F4	   FIT	    TIME
   1	-0.022	-0.003	 0.012	-0.014	-0.017	 0.000	-0.011	 0.005	 0.083	 0.092	 0.084	 0.086	 0.048	 0.044	 0.046	 0.042	  7310	  5856	  7107	  8096	  8096	   03:36
   2	 0.001	-0.032	 0.008	-0.029	-0.009	 0.010	-0.004	-0.028	 0.075	 0.089	 0.065	 0.100	 0.049	 0.046	 0.049	 0.051	  6217	  6675	  7747	  7522	  7747	   03:38
   3	-0.004	-0.030	 0.020	-0.044	 0.048	 0.005	 0.007	-0.019	 0.065	 0.068	 0.064	 0.085	 0.050	 0.044	 0.044	 0.047	  6103	  6659	  7058	  8480	  8480	   03:40
   4	-0.005	 0.009	 0.032	 0.000	-0.018	-0.004	 0.024	 0.006	 0.078	 0.076	 0.079	 0.096	 0.042	 0.044	 0.040	 0.043	  7107	  6301	  7279	  7850	  7850	   03:34
   5	-0.012	 0.019	 0.008	 0.003	-0.022	-0.026	-0.008	-0.019	 0.082	 0.081	 0.072	 0.077	 0.043	 0.056	 0.046	 0.049	  7050	  5639	  7731	  7754	  7754	   03:32
   6	-0.009	 0.009	-0.026	-0.013	 0.003	 0.003	-0.027	-0.008	 0.079	 0.086	 0.088	 0.084	 0.042	 0.047	 0.043	 0.047	  7009	  5825	  7903	  7605	  7903	   03:22
   7	-0.005	-0.003	 0.010	 0.011	-0.006	-0.015	-0.008	-0.005	 0.088	 0.078	 0.080	 0.088	 0.051	 0.043	 0.043	 0.044	  6455	  6601	  7855	  7443	  7855	   03:26
   8	-0.008	-0.014	 0.011	 0.006	-0.016	 0.013	-0.001	 0.019	 0.077	 0.066	 0.070	 0.078	 0.044	 0.042	 0.038	 0.039	  6587	  7036	  7572	  7376	  7572	   03:08
   9	 0.021	-0.037	-0.006	 0.025	 0.003	-0.005	 0.036	-0.001	 0.082	 0.081	 0.069	 0.081	 0.048	 0.037	 0.047	 0.054	  5330	  7433	  8715	  6796	  8715	   03:34
  10	-0.013	 0.003	 0.005	-0.002	-0.002	-0.013	-0.011	 0.009	 0.077	 0.085	 0.079	 0.065	 0.049	 0.047	 0.040	 0.040	  7093	  5845	  7243	  8219	  8219	   03:26
  11	 0.014	 0.033	-0.003	-0.013	 0.023	 0.020	-0.009	 0.027	 0.079	 0.085	 0.065	 0.081	 0.047	 0.048	 0.047	 0.045	  6902	  5694	  7994	  7694	  7994	   03:56
  12	 0.017	-0.010	-0.006	 0.028	-0.026	-0.017	-0.017	-0.021	 0.068	 0.075	 0.087	 0.082	 0.050	 0.048	 0.043	 0.047	  6321	  6860	  8126	  6974	  8126	   03:50
  13	 0.022	 0.017	-0.012	-0.015	 0.008	-0.008	 0.013	 0.001	 0.079	 0.078	 0.087	 0.083	 0.037	 0.050	 0.040	 0.043	  6300	  6309	  7775	  8068	  8068	   03:38
  14	 0.046	-0.001	 0.015	 0.014	-0.005	-0.025	 0.036	-0.005	 0.080	 0.069	 0.111	 0.083	 0.043	 0.042	 0.043	 0.042	  5484	  7416	  7227	  8367	  8367	   03:48
  15	 0.008	 0.021	 0.007	 0.010	 0.009	 0.011	 0.004	-0.038	 0.092	 0.084	 0.072	 0.063	 0.045	 0.043	 0.038	 0.046	  6376	  6026	  7850	  8160	  8160	   03:48
  16	-0.002	 0.031	 0.003	 0.007	 0.024	 0.022	 0.023	 0.023	 0.097	 0.071	 0.078	 0.087	 0.047	 0.044	 0.043	 0.055	  6593	  6263	  7962	  7409	  7962	   03:57
  17	-0.024	-0.027	 0.004	 0.015	 0.006	 0.005	-0.015	 0.010	 0.085	 0.092	 0.074	 0.075	 0.040	 0.047	 0.051	 0.042	  6860	  6480	  7766	  7291	  7766	   03:56
  18	-0.012	-0.003	-0.005	-0.013	 0.000	-0.001	 0.021	-0.017	 0.098	 0.075	 0.105	 0.088	 0.042	 0.046	 0.043	 0.044	  6296	  6656	  7214	  8234	  8234	   04:04
  19	 0.012	 0.010	 0.007	-0.012	 0.005	 0.003	-0.009	 0.021	 0.086	 0.089	 0.087	 0.092	 0.044	 0.043	 0.039	 0.045	  6661	  6372	  7466	  7997	  7997	   04:04
  20	-0.012	-0.013	-0.000	-0.002	 0.011	 0.011	 0.018	-0.012	 0.092	 0.089	 0.089	 0.084	 0.046	 0.039	 0.042	 0.046	  6502	  6449	  7585	  7883	  7883	   04:05
  21	-0.017	-0.002	-0.000	 0.011	 0.014	 0.010	 0.030	 0.003	 0.097	 0.080	 0.080	 0.081	 0.046	 0.054	 0.051	 0.056	  6440	  6390	  7839	  7359	  7839	   04:06
  22	-0.018	 0.004	 0.022	 0.026	-0.002	 0.012	 0.006	 0.009	 0.062	 0.066	 0.086	 0.082	 0.043	 0.038	 0.042	 0.044	  7629	  6316	  7272	  7399	  7629	   04:16
  23	 0.001	 0.016	 0.004	 0.001	-0.007	-0.013	-0.001	 0.008	 0.095	 0.077	 0.087	 0.063	 0.050	 0.042	 0.053	 0.043	  6371	  6249	  7233	  8411	  8411	   04:02
  24	 0.041	-0.006	-0.010	 0.004	 0.026	-0.028	 0.006	-0.002	 0.066	 0.069	 0.080	 0.087	 0.043	 0.046	 0.051	 0.049	  5529	  7040	  8336	  7372	  8336	   04:14
  25	-0.005	-0.014	-0.011	 0.034	 0.020	-0.013	 0.013	-0.012	 0.060	 0.087	 0.064	 0.066	 0.042	 0.045	 0.042	 0.044	  6897	  5957	  8665	  6876	  8665	   04:55
  26	-0.004	 0.017	-0.007	-0.007	 0.005	-0.016	 0.015	 0.004	 0.090	 0.082	 0.071	 0.080	 0.044	 0.050	 0.048	 0.047	  6548	  5894	  8092	  7705	  8092	   03:38
  27	 0.026	 0.019	-0.000	 0.002	 0.002	 0.049	 0.003	 0.016	 0.069	 0.083	 0.074	 0.079	 0.042	 0.044	 0.042	 0.040	  6827	  6299	  7816	  7541	  7816	   03:38
  28	-0.029	-0.002	 0.007	 0.003	-0.019	 0.012	-0.022	 0.023	 0.070	 0.071	 0.069	 0.081	 0.039	 0.043	 0.050	 0.041	  7552	  6202	  7532	  7248	  7552	   03:37
  29	-0.016	 0.014	-0.004	 0.036	 0.001	-0.000	-0.002	 0.022	 0.059	 0.074	 0.092	 0.070	 0.042	 0.042	 0.046	 0.048	  7851	  5771	  7644	  7259	  7851	   03:44
  30	-0.018	-0.022	 0.006	 0.032	-0.020	 0.002	-0.007	-0.020	 0.072	 0.084	 0.082	 0.063	 0.048	 0.045	 0.044	 0.040	  7021	  6417	  7560	  7447	  7560	   03:38
  31	 0.001	-0.006	 0.012	-0.011	-0.006	-0.016	-0.013	-0.009	 0.074	 0.065	 0.073	 0.068	 0.044	 0.039	 0.042	 0.046	  6295	  6662	  7212	  8260	  8260	   03:30
  32	-0.008	-0.004	 0.010	 0.015	-0.016	 0.014	-0.002	-0.009	 0.080	 0.081	 0.076	 0.085	 0.038	 0.043	 0.042	 0.039	  6917	  6515	  7859	  7286	  7859	   03:40
  33	-0.007	 0.029	 0.006	 0.008	-0.003	-0.004	 0.013	-0.012	 0.066	 0.089	 0.063	 0.078	 0.048	 0.045	 0.039	 0.051	  7623	  5011	  8132	  7509	  8132	   03:38
  34	 0.001	-0.049	-0.016	 0.019	 0.006	-0.003	 0.022	-0.002	 0.083	 0.090	 0.093	 0.087	 0.046	 0.041	 0.044	 0.038	  5880	  7317	  8209	  7049	  8209	   03:32
  35	 0.006	 0.003	 0.006	-0.028	-0.019	 0.004	 0.019	-0.008	 0.083	 0.090	 0.071	 0.070	 0.053	 0.053	 0.034	 0.046	  6497	  5971	  7198	  8560	  8560	   03:38
  36	-0.002	 0.009	-0.019	 0.027	 0.012	 0.006	 0.014	 0.020	 0.076	 0.081	 0.074	 0.097	 0.039	 0.043	 0.048	 0.041	  6920	  6226	  9011	  6304	  9011	   05:49
  37	 0.005	-0.012	-0.012	-0.018	 0.025	-0.008	 0.011	-0.008	 0.082	 0.073	 0.086	 0.080	 0.046	 0.050	 0.043	 0.044	  5925	  6726	  7601	  8030	  8030	   03:26
  38	-0.004	-0.008	 0.016	 0.006	 0.011	 0.033	 0.034	-0.055	 0.072	 0.063	 0.074	 0.082	 0.041	 0.048	 0.043	 0.048	  6357	  6811	  7614	  7627	  7627	   03:30
  39	-0.016	 0.023	-0.027	-0.016	-0.000	 0.003	-0.002	 0.010	 0.066	 0.082	 0.082	 0.073	 0.037	 0.049	 0.042	 0.048	  7635	  5183	  7711	  7835	  7835	   04:06
  40	-0.010	 0.013	 0.009	-0.010	-0.008	 0.029	-0.012	-0.020	 0.088	 0.071	 0.095	 0.078	 0.049	 0.048	 0.042	 0.036	  6799	  6401	  6883	  8352	  8352	   03:45
  41	-0.006	 0.002	-0.004	-0.025	 0.007	 0.007	 0.009	-0.010	 0.082	 0.081	 0.085	 0.083	 0.046	 0.043	 0.046	 0.045	  6630	  6093	  7327	  8240	  8240	   03:26
  42	 0.023	-0.016	-0.002	 0.013	-0.007	-0.022	-0.016	-0.001	 0.064	 0.093	 0.084	 0.083	 0.050	 0.047	 0.036	 0.045	  6500	  6534	  7951	  7410	  7951	   03:44
  43	-0.004	-0.015	-0.002	 0.033	 0.007	 0.001	-0.023	-0.009	 0.074	 0.073	 0.079	 0.091	 0.047	 0.041	 0.047	 0.046	  6539	  6958	  8428	  6481	  8428	   03:36
  44	-0.021	-0.014	-0.022	-0.032	 0.019	-0.004	 0.028	-0.019	 0.096	 0.066	 0.077	 0.084	 0.041	 0.045	 0.053	 0.041	  5814	  6623	  7925	  7913	  7925	   03:28
  45	-0.029	-0.007	-0.014	 0.011	-0.014	 0.008	-0.035	 0.011	 0.093	 0.103	 0.079	 0.081	 0.049	 0.047	 0.043	 0.049	  7308	  5881	  8059	  7064	  8059	   04:47
  46	-0.015	 0.009	-0.020	 0.016	-0.008	-0.002	-0.024	 0.011	 0.087	 0.086	 0.082	 0.078	 0.046	 0.048	 0.043	 0.039	  7037	  6029	  8247	  7103	  8247	   03:44
  47	 0.024	-0.024	 0.003	 0.010	-0.015	-0.027	-0.006	-0.007	 0.068	 0.087	 0.091	 0.085	 0.043	 0.054	 0.039	 0.057	  6170	  6917	  7605	  7534	  7605	   03:52
  48	 0.019	 0.003	 0.002	-0.011	 0.021	 0.009	 0.016	 0.013	 0.060	 0.085	 0.089	 0.083	 0.046	 0.044	 0.053	 0.044	  6820	  6033	  7298	  8111	  8111	   03:52
  49	-0.022	-0.000	 0.011	 0.002	 0.022	-0.012	 0.002	 0.000	 0.062	 0.064	 0.091	 0.098	 0.043	 0.046	 0.047	 0.044	  7324	  6167	  7416	  7548	  7548	   04:08
  50	 0.007	 0.029	 0.011	-0.000	 0.027	-0.040	-0.015	 0.020	 0.073	 0.069	 0.078	 0.079	 0.047	 0.036	 0.046	 0.048	  6830	  5957	  7681	  8138	  8138	   04:03
  51	-0.008	-0.005	 0.044	-0.011	-0.013	 0.036	-0.009	-0.006	 0.088	 0.082	 0.070	 0.088	 0.044	 0.047	 0.046	 0.043	  6795	  6657	  6829	  8099	  8099	   04:04
  52	-0.013	-0.001	-0.006	 0.006	-0.008	 0.001	-0.019	 0.018	 0.071	 0.077	 0.081	 0.086	 0.047	 0.042	 0.045	 0.043	  7169	  6246	  7823	  7213	  7823	   04:10
  53	-0.025	 0.020	 0.017	 0.018	-0.010	-0.005	-0.028	 0.032	 0.084	 0.082	 0.099	 0.086	 0.049	 0.041	 0.050	 0.047	  7771	  5813	  7104	  7760	  7771	   04:06
  54	 0.018	 0.002	 0.016	-0.009	-0.001	 0.011	-0.003	 0.009	 0.078	 0.085	 0.095	 0.081	 0.038	 0.040	 0.047	 0.044	  6596	  6568	  6891	  8444	  8444	   04:16
  55	-0.009	-0.014	-0.001	 0.017	 0.015	 0.013	 0.040	 0.002	 0.067	 0.087	 0.083	 0.092	 0.047	 0.050	 0.046	 0.050	  7032	  6153	  8024	  6997	  8024	   05:01
  56	 0.015	-0.002	-0.030	-0.005	-0.003	 0.012	 0.007	-0.006	 0.081	 0.085	 0.078	 0.101	 0.040	 0.043	 0.048	 0.038	  6198	  6577	  8836	  6803	  8836	   04:02
  57	 0.009	 0.018	-0.021	 0.007	 0.012	 0.008	 0.033	 0.018	 0.072	 0.092	 0.071	 0.090	 0.045	 0.043	 0.051	 0.046	  6947	  5603	  8805	  6928	  8805	   03:50
  58	 0.029	 0.001	 0.005	 0.001	-0.011	-0.002	 0.013	 0.021	 0.086	 0.088	 0.078	 0.072	 0.043	 0.041	 0.045	 0.039	  6029	  6741	  7681	  8058	  8058	   03:44
  59	 0.022	-0.012	-0.010	-0.013	 0.036	 0.007	 0.006	-0.015	 0.110	 0.099	 0.093	 0.067	 0.051	 0.046	 0.046	 0.039	  5374	  6767	  7486	  8656	  8656	   03:46
  60	 0.036	 0.021	-0.001	-0.016	-0.030	-0.014	-0.012	-0.004	 0.075	 0.086	 0.082	 0.084	 0.039	 0.048	 0.042	 0.039	  6418	  6243	  7667	  8151	  8151	   03:56
  61	 0.024	-0.011	-0.001	-0.017	 0.013	-0.019	-0.015	 0.001	 0.069	 0.093	 0.072	 0.087	 0.041	 0.047	 0.047	 0.049	  6293	  6373	  7882	  7780	  7882	   03:40
  62	-0.005	-0.018	 0.002	-0.026	-0.004	-0.043	-0.003	-0.006	 0.079	 0.081	 0.079	 0.059	 0.050	 0.049	 0.041	 0.051	  6220	  6301	  6888	  8847	  8847	   03:48
  63	-0.008	 0.004	 0.024	 0.004	 0.014	 0.011	-0.011	-0.013	 0.064	 0.075	 0.067	 0.096	 0.041	 0.042	 0.047	 0.047	  7240	  6137	  7784	  7294	  7784	   03:30
  64	 0.002	 0.013	-0.005	-0.011	-0.006	-0.005	-0.037	 0.002	 0.084	 0.070	 0.069	 0.101	 0.041	 0.048	 0.043	 0.053	  6521	  6579	  8240	  7000	  8240	   03:30
  65	 0.009	-0.005	-0.013	 0.003	 0.019	-0.007	-0.003	-0.019	 0.092	 0.097	 0.094	 0.090	 0.049	 0.049	 0.045	 0.043	  6221	  6354	  8079	  7591	  8079	   03:24
  66	-0.024	-0.014	-0.047	-0.022	-0.015	-0.002	-0.024	-0.029	 0.085	 0.066	 0.079	 0.084	 0.047	 0.047	 0.047	 0.049	  6227	  6551	  8361	  7073	  8361	   03:36
  67	 0.020	 0.020	 0.001	 0.002	-0.008	 0.005	 0.026	 0.006	 0.069	 0.077	 0.075	 0.088	 0.044	 0.046	 0.045	 0.039	  6712	  6139	  8078	  7504	  8078	   03:30
  68	 0.008	 0.012	-0.018	 0.013	 0.016	-0.010	 0.010	 0.019	 0.063	 0.075	 0.075	 0.080	 0.036	 0.049	 0.040	 0.051	  6886	  6080	  8397	  7051	  8397	   03:26
  69	 0.035	 0.006	-0.038	-0.016	 0.013	-0.003	-0.013	-0.001	 0.086	 0.090	 0.080	 0.084	 0.035	 0.044	 0.050	 0.042	  5750	  6526	  8630	  7505	  8630	   03:30
  70	-0.003	 0.002	-0.000	 0.005	-0.021	 0.000	-0.014	 0.005	 0.077	 0.091	 0.068	 0.081	 0.042	 0.039	 0.043	 0.044	  7036	  6041	  8061	  7336	  8061	   03:34
  71	 0.037	 0.000	-0.003	 0.006	-0.003	 0.020	 0.012	-0.006	 0.085	 0.067	 0.085	 0.091	 0.052	 0.038	 0.044	 0.044	  5433	  7474	  8113	  7357	  8113	   03:30
  72	 0.025	 0.002	 0.009	-0.012	 0.035	 0.003	-0.015	-0.024	 0.071	 0.088	 0.084	 0.085	 0.049	 0.052	 0.049	 0.044	  6335	  6195	  7491	  8180	  8180	   03:40
  73	-0.008	 0.010	 0.003	 0.021	-0.018	 0.001	-0.014	 0.026	 0.072	 0.080	 0.089	 0.082	 0.055	 0.051	 0.045	 0.048	  7381	  6068	  7530	  7269	  7530	   03:36
  74	-0.010	 0.022	-0.008	 0.001	-0.004	-0.001	 0.004	-0.004	 0.094	 0.079	 0.085	 0.087	 0.042	 0.055	 0.052	 0.050	  6758	  5964	  7903	  7490	  7903	   03:36
  75	 0.001	-0.011	 0.009	-0.008	-0.016	-0.044	-0.012	-0.026	 0.081	 0.078	 0.071	 0.081	 0.042	 0.043	 0.048	 0.046	  6154	  6489	  7779	  7922	  7922	   03:40
  76	-0.001	 0.003	-0.010	 0.010	 0.004	 0.006	 0.011	 0.006	 0.078	 0.075	 0.075	 0.073	 0.050	 0.047	 0.047	 0.041	  6538	  6325	  8045	  7367	  8045	   03:28
  77	 0.003	-0.024	 0.025	 0.003	 0.027	 0.008	 0.008	-0.019	 0.087	 0.084	 0.065	 0.063	 0.039	 0.049	 0.054	 0.050	  5899	  6786	  7327	  8167	  8167	   03:32
  78	-0.021	 0.013	-0.012	-0.030	 0.010	 0.023	-0.016	-0.002	 0.090	 0.083	 0.076	 0.076	 0.044	 0.039	 0.047	 0.048	  6982	  5710	  7452	  8187	  8187	   03:34
  79	 0.030	-0.010	 0.014	 0.009	-0.012	 0.026	 0.028	 0.020	 0.073	 0.071	 0.085	 0.080	 0.044	 0.047	 0.049	 0.044	  6033	  7298	  7341	  7659	  7659	   03:38
  80	-0.014	-0.015	 0.018	 0.006	 0.009	-0.007	 0.032	 0.007	 0.084	 0.072	 0.061	 0.071	 0.042	 0.040	 0.046	 0.044	  6324	  6632	  7740	  7725	  7740	   03:56
  81	-0.011	 0.020	-0.004	-0.007	 0.023	 0.005	-0.024	 0.026	 0.062	 0.092	 0.079	 0.069	 0.041	 0.044	 0.040	 0.052	  7904	  5118	  7382	  8057	  8057	   03:54
  82	-0.023	-0.027	 0.019	-0.019	-0.001	 0.022	-0.016	-0.025	 0.087	 0.059	 0.087	 0.076	 0.040	 0.045	 0.049	 0.048	  6202	  7303	  6559	  8316	  8316	   04:13
  83	-0.009	-0.011	-0.024	 0.015	-0.011	 0.004	 0.022	 0.010	 0.078	 0.082	 0.083	 0.072	 0.047	 0.046	 0.041	 0.039	  6684	  6374	  8169	  7186	  8169	   03:44
  84	-0.012	-0.022	 0.026	-0.004	 0.018	-0.002	-0.009	-0.002	 0.096	 0.084	 0.081	 0.098	 0.043	 0.041	 0.048	 0.049	  6278	  6963	  7430	  7746	  7746	   04:04
  85	 0.013	 0.016	 0.018	-0.005	-0.008	-0.020	-0.001	-0.032	 0.080	 0.062	 0.070	 0.060	 0.043	 0.044	 0.044	 0.039	  6072	  6442	  7313	  8599	  8599	   04:18
  86	 0.006	 0.035	 0.005	 0.027	 0.037	 0.016	 0.004	-0.016	 0.091	 0.070	 0.086	 0.081	 0.046	 0.046	 0.041	 0.049	  6567	  6210	  8084	  7438	  8084	   04:04
  87	 0.004	-0.019	-0.002	-0.013	-0.025	 0.030	-0.039	 0.010	 0.054	 0.088	 0.072	 0.072	 0.039	 0.042	 0.044	 0.051	  7241	  6363	  7213	  7624	  7624	   03:50
  88	 0.000	-0.013	-0.001	-0.001	 0.008	-0.012	 0.004	 0.036	 0.073	 0.089	 0.086	 0.083	 0.047	 0.048	 0.047	 0.036	  6823	  6373	  7526	  7751	  7751	   04:00
  89	 0.016	 0.018	 0.008	-0.010	-0.006	-0.023	-0.030	-0.004	 0.058	 0.089	 0.091	 0.055	 0.044	 0.048	 0.048	 0.035	  7262	  5418	  6667	  9056	  9056	   03:46
  90	 0.028	 0.006	 0.008	-0.029	-0.001	-0.012	 0.002	-0.017	 0.088	 0.073	 0.070	 0.064	 0.046	 0.040	 0.045	 0.043	  5523	  6677	  7279	  8861	  8861	   03:42
  91	-0.023	 0.005	 0.017	-0.007	-0.029	-0.007	 0.002	 0.024	 0.079	 0.074	 0.069	 0.077	 0.047	 0.050	 0.040	 0.040	  7305	  6080	  7193	  7881	  7881	   03:42
  92	 0.003	 0.004	-0.026	 0.022	 0.017	-0.018	 0.000	-0.016	 0.091	 0.071	 0.074	 0.098	 0.045	 0.039	 0.048	 0.046	  5932	  6745	  9336	  6337	  9336	   03:38
  93	-0.000	 0.019	-0.020	 0.007	 0.010	-0.021	-0.007	 0.002	 0.090	 0.093	 0.089	 0.080	 0.044	 0.051	 0.048	 0.041	  6781	  5740	  8189	  7601	  8189	   03:34
  94	 0.019	 0.013	 0.026	 0.005	 0.004	 0.032	-0.010	-0.007	 0.089	 0.075	 0.056	 0.080	 0.045	 0.047	 0.051	 0.045	  6104	  6768	  7870	  7497	  7870	   03:42
  95	-0.025	-0.003	-0.022	 0.000	-0.010	-0.019	 0.019	 0.008	 0.061	 0.079	 0.078	 0.056	 0.042	 0.041	 0.042	 0.044	  7469	  5476	  7623	  7858	  7858	   03:38
  96	-0.014	 0.011	-0.009	 0.004	-0.004	 0.016	 0.001	-0.022	 0.074	 0.074	 0.077	 0.111	 0.047	 0.049	 0.046	 0.033	  7136	  6114	  8535	  6601	  8535	   03:52
  97	-0.021	 0.014	-0.005	-0.020	-0.020	 0.019	-0.013	-0.028	 0.086	 0.057	 0.095	 0.090	 0.043	 0.040	 0.037	 0.042	  6839	  6534	  7203	  7958	  7958	   03:42
  98	 0.002	-0.011	 0.036	 0.014	 0.039	 0.019	 0.005	-0.003	 0.090	 0.073	 0.092	 0.066	 0.048	 0.049	 0.041	 0.040	  6140	  7067	  6649	  8519	  8519	   04:06
  99	 0.004	-0.013	-0.009	 0.003	-0.009	-0.018	 0.001	-0.002	 0.082	 0.080	 0.081	 0.073	 0.044	 0.044	 0.043	 0.050	  6172	  6663	  7832	  7670	  7832	   04:02
 100	 0.004	 0.012	 0.028	-0.009	 0.012	-0.026	 0.006	-0.008	 0.087	 0.066	 0.068	 0.090	 0.044	 0.046	 0.052	 0.050	  6165	  6512	  7572	  7970	  7970	   04:09
 101	 0.027	 0.000	-0.015	-0.015	-0.010	-0.001	-0.010	-0.014	 0.099	 0.080	 0.083	 0.077	 0.047	 0.041	 0.048	 0.051	  5378	  6982	  7881	  7981	  7981	   04:06
 102	 0.022	-0.025	 0.014	 0.028	 0.009	 0.034	 0.012	 0.005	 0.078	 0.089	 0.085	 0.085	 0.047	 0.049	 0.041	 0.046	  6134	  7283	  7772	  7133	  7772	   03:56
 103	-0.011	-0.009	-0.012	 0.021	-0.016	-0.002	-0.006	-0.030	 0.091	 0.082	 0.082	 0.071	 0.041	 0.041	 0.047	 0.047	  6382	  6531	  8159	  7326	  8159	   04:12
 104	 0.006	-0.018	 0.002	 0.022	-0.006	 0.007	 0.001	-0.039	 0.070	 0.067	 0.084	 0.068	 0.044	 0.043	 0.048	 0.041	  6140	  7031	  7697	  7554	  7697	   04:12
 105	-0.034	 0.012	-0.014	-0.020	 0.020	 0.023	-0.000	 0.013	 0.103	 0.076	 0.080	 0.074	 0.042	 0.053	 0.042	 0.034	  6860	  6013	  7490	  8031	  8031	   03:38
 106	 0.024	 0.016	 0.015	 0.013	-0.023	-0.007	 0.005	 0.003	 0.067	 0.085	 0.102	 0.081	 0.046	 0.045	 0.041	 0.040	  7045	  6211	  7079	  8159	  8159	   04:06
 107	-0.001	 0.015	 0.002	-0.009	 0.008	-0.038	 0.006	-0.014	 0.078	 0.084	 0.094	 0.080	 0.049	 0.047	 0.038	 0.046	  6868	  5704	  7335	  8438	  8438	   03:48
 108	-0.006	-0.005	 0.006	 0.008	-0.003	-0.011	-0.015	 0.028	 0.080	 0.093	 0.072	 0.090	 0.046	 0.046	 0.040	 0.046	  7010	  6259	  8004	  7232	  8004	   03:58
 109	 0.004	 0.006	 0.012	 0.002	-0.033	-0.006	-0.013	 0.013	 0.081	 0.075	 0.101	 0.075	 0.039	 0.041	 0.043	 0.039	  6860	  6639	  6795	  8341	  8341	   04:06
 110	 0.012	-0.009	-0.012	-0.016	 0.009	 0.006	-0.005	 0.005	 0.093	 0.092	 0.077	 0.085	 0.053	 0.053	 0.050	 0.040	  5937	  6578	  7947	  7679	  7947	   03:42
 111	-0.002	 0.018	-0.007	-0.001	-0.004	 0.002	-0.006	-0.015	 0.096	 0.076	 0.090	 0.083	 0.046	 0.045	 0.055	 0.052	  6393	  6258	  7720	  7750	  7750	   03:34
 112	-0.018	 0.022	 0.014	-0.006	-0.007	 0.010	-0.011	-0.033	 0.092	 0.068	 0.088	 0.082	 0.041	 0.044	 0.056	 0.046	  6849	  6078	  7158	  8172	  8172	   03:40
 113	-0.014	-0.012	-0.017	-0.010	 0.003	-0.005	 0.018	 0.005	 0.088	 0.083	 0.075	 0.061	 0.048	 0.046	 0.044	 0.041	  6353	  6239	  7693	  8044	  8044	   03:28
 114	-0.016	-0.014	-0.012	 0.016	 0.012	-0.008	 0.001	 0.007	 0.071	 0.095	 0.057	 0.083	 0.055	 0.050	 0.045	 0.047	  7015	  5823	  8766	  6576	  8766	   03:34
 115	 0.021	 0.005	-0.003	 0.011	-0.013	-0.011	-0.006	-0.003	 0.095	 0.098	 0.077	 0.065	 0.051	 0.038	 0.041	 0.048	  6070	  6354	  7997	  7955	  7997	   03:46
 116	-0.017	 0.005	 0.002	 0.019	-0.008	-0.003	 0.017	 0.027	 0.085	 0.095	 0.090	 0.079	 0.038	 0.047	 0.052	 0.047	  7400	  5826	  7590	  7556	  7590	   03:26
 117	 0.008	-0.011	 0.009	 0.031	-0.014	 0.006	-0.002	 0.014	 0.068	 0.054	 0.089	 0.091	 0.052	 0.043	 0.054	 0.052	  6331	  7445	  7742	  6739	  7742	   04:44
 118	 0.011	-0.004	 0.001	 0.029	 0.006	 0.010	 0.014	-0.011	 0.081	 0.079	 0.088	 0.078	 0.040	 0.045	 0.045	 0.045	  6314	  6811	  7982	  7312	  7982	   05:06
 119	-0.002	-0.021	 0.006	 0.017	 0.025	 0.007	 0.007	 0.005	 0.072	 0.065	 0.076	 0.073	 0.048	 0.048	 0.045	 0.052	  6200	  7063	  7675	  7295	  7675	   04:02
 120	 0.025	 0.008	-0.008	-0.019	-0.010	 0.014	-0.029	-0.007	 0.051	 0.088	 0.076	 0.071	 0.041	 0.042	 0.054	 0.045	  7020	  5751	  7424	  8106	  8106	   03:58
 121	-0.020	-0.004	 0.004	 0.040	 0.008	 0.012	-0.011	 0.007	 0.077	 0.077	 0.089	 0.076	 0.039	 0.049	 0.045	 0.041	  7242	  6466	  7797	  7021	  7797	   03:44
 122	-0.017	 0.002	-0.035	 0.009	-0.001	-0.010	 0.010	-0.001	 0.089	 0.078	 0.072	 0.086	 0.043	 0.050	 0.042	 0.046	  6540	  6198	  8957	  6626	  8957	   03:56
 123	 0.008	 0.004	-0.003	 0.031	-0.003	-0.001	-0.022	-0.003	 0.106	 0.093	 0.084	 0.071	 0.049	 0.048	 0.057	 0.046	  6077	  6599	  8130	  7324	  8130	   03:54
 124	 0.000	-0.025	 0.014	-0.008	-0.026	-0.001	 0.001	-0.007	 0.081	 0.067	 0.102	 0.094	 0.048	 0.045	 0.044	 0.041	  6206	  7395	  6884	  7985	  7985	   04:03
 125	 0.014	-0.019	-0.007	 0.005	 0.009	 0.009	-0.004	-0.006	 0.092	 0.108	 0.062	 0.084	 0.044	 0.053	 0.046	 0.042	  6049	  6504	  8614	  7080	  8614	   03:50
 126	-0.011	-0.040	 0.001	 0.008	 0.001	-0.015	 0.009	-0.023	 0.083	 0.077	 0.086	 0.065	 0.036	 0.032	 0.042	 0.041	  6018	  7098	  7468	  8030	  8030	   03:48
 127	 0.003	-0.021	-0.042	 0.032	 0.029	 0.017	 0.006	 0.009	 0.076	 0.078	 0.076	 0.084	 0.052	 0.035	 0.043	 0.045	  6093	  6950	  9318	  6036	  9318	   03:40
 128	-0.028	-0.004	-0.006	-0.002	-0.029	-0.009	 0.049	 0.019	 0.085	 0.091	 0.080	 0.087	 0.045	 0.044	 0.044	 0.046	  7312	  5747	  7892	  7500	  7892	   03:32
 129	 0.011	-0.015	 0.012	-0.014	 0.007	 0.012	-0.012	-0.005	 0.070	 0.087	 0.082	 0.069	 0.039	 0.048	 0.040	 0.043	  6559	  6499	  6913	  8447	  8447	   03:48
 130	 0.010	 0.012	-0.040	-0.018	-0.010	 0.008	 0.023	 0.004	 0.089	 0.072	 0.089	 0.088	 0.046	 0.048	 0.049	 0.043	  6026	  6476	  8307	  7438	  8307	   03:34
 131	 0.008	-0.041	-0.008	-0.011	-0.011	 0.018	 0.023	-0.002	 0.080	 0.077	 0.081	 0.073	 0.039	 0.050	 0.039	 0.040	  5713	  7430	  7475	  7812	  7812	   03:30
 132	 0.015	 0.006	-0.019	 0.014	 0.021	-0.003	-0.017	-0.012	 0.077	 0.083	 0.082	 0.083	 0.051	 0.042	 0.051	 0.051	  6341	  6291	  8471	  7087	  8471	   03:46
 133	 0.005	 0.008	-0.020	-0.002	-0.009	-0.007	 0.007	-0.005	 0.081	 0.075	 0.079	 0.095	 0.049	 0.052	 0.045	 0.045	  6376	  6366	  8444	  7019	  8444	   03:24
 134	-0.003	-0.007	 0.016	-0.019	-0.006	 0.033	 0.027	-0.008	 0.086	 0.071	 0.088	 0.080	 0.042	 0.044	 0.039	 0.047	  6403	  6854	  6750	  8402	  8402	   03:42
 135	 0.006	-0.020	 0.023	 0.015	 0.028	 0.003	-0.003	-0.017	 0.073	 0.080	 0.083	 0.075	 0.044	 0.052	 0.049	 0.042	  6313	  6771	  7315	  7878	  7878	   03:34
 136	 0.024	-0.009	-0.029	-0.026	-0.032	 0.010	 0.014	-0.011	 0.066	 0.091	 0.083	 0.076	 0.044	 0.047	 0.049	 0.043	  6351	  6216	  7788	  7934	  7934	   03:46
 137	 0.037	-0.009	-0.009	-0.025	 0.014	-0.014	-0.003	-0.016	 0.075	 0.067	 0.081	 0.074	 0.042	 0.042	 0.050	 0.052	  5280	  7109	  7555	  8305	  8305	   03:56
 138	 0.010	 0.013	 0.020	 0.000	 0.004	 0.008	 0.023	-0.013	 0.080	 0.079	 0.088	 0.071	 0.046	 0.044	 0.043	 0.048	  6604	  6198	  6977	  8511	  8511	   04:04
 139	 0.016	-0.008	 0.002	 0.001	-0.006	-0.007	 0.004	 0.028	 0.086	 0.081	 0.085	 0.092	 0.042	 0.040	 0.045	 0.054	  6122	  7029	  7786	  7498	  7786	   03:48
 140	-0.007	 0.008	-0.005	-0.010	-0.017	-0.031	 0.015	-0.019	 0.071	 0.078	 0.090	 0.081	 0.043	 0.045	 0.042	 0.044	  6991	  5781	  7483	  8133	  8133	   03:44
 141	 0.007	 0.002	-0.003	 0.010	-0.021	-0.006	-0.010	 0.007	 0.085	 0.092	 0.066	 0.077	 0.042	 0.040	 0.041	 0.054	  6577	  6304	  8265	  7274	  8265	   03:46
 142	 0.009	 0.012	-0.010	-0.015	-0.021	-0.010	-0.001	 0.015	 0.086	 0.090	 0.077	 0.092	 0.044	 0.047	 0.042	 0.040	  6625	  6136	  8062	  7636	  8062	   03:50
 143	 0.014	 0.004	-0.025	-0.006	-0.024	-0.015	 0.003	 0.000	 0.080	 0.079	 0.078	 0.074	 0.044	 0.044	 0.043	 0.042	  6184	  6390	  8208	  7612	  8208	   06:11
 144	-0.001	 0.023	-0.021	-0.017	-0.018	-0.000	-0.000	 0.014	 0.070	 0.094	 0.071	 0.075	 0.049	 0.043	 0.048	 0.045	  7362	  5151	  7993	  7773	  7993	   05:27
 145	 0.018	-0.000	 0.011	 0.018	-0.005	 0.007	-0.059	-0.017	 0.078	 0.080	 0.078	 0.068	 0.050	 0.040	 0.043	 0.041	  6402	  6838	  7635	  7659	  7659	   04:18
 146	 0.003	-0.027	 0.010	 0.002	 0.020	 0.016	 0.030	 0.009	 0.055	 0.097	 0.082	 0.083	 0.051	 0.039	 0.050	 0.043	  7061	  6083	  7420	  7750	  7750	   04:00
 147	 0.032	-0.021	 0.028	 0.006	 0.007	 0.014	-0.011	-0.000	 0.075	 0.074	 0.082	 0.085	 0.044	 0.051	 0.042	 0.051	  5731	  7572	  7230	  7746	  7746	   04:43
 148	-0.001	-0.017	 0.014	 0.019	 0.017	 0.011	 0.015	-0.011	 0.095	 0.090	 0.076	 0.079	 0.044	 0.041	 0.047	 0.048	  6138	  6788	  7906	  7525	  7906	   03:58
 149	 0.006	 0.003	 0.008	 0.014	 0.001	-0.005	 0.017	-0.022	 0.067	 0.075	 0.070	 0.084	 0.040	 0.048	 0.049	 0.047	  6663	  6234	  8122	  7254	  8122	   03:44
 150	 0.005	 0.007	 0.022	 0.008	-0.011	-0.029	-0.016	 0.003	 0.073	 0.055	 0.077	 0.084	 0.043	 0.040	 0.046	 0.051	  6406	  6876	  7487	  7707	  7707	   04:12
 151	 0.003	-0.012	 0.015	 0.017	-0.027	 0.009	-0.033	-0.004	 0.097	 0.080	 0.079	 0.089	 0.039	 0.046	 0.051	 0.036	  6174	  7313	  7831	  7205	  7831	   04:16
 152	-0.004	-0.031	-0.005	-0.027	 0.000	 0.017	-0.009	 0.010	 0.090	 0.075	 0.070	 0.079	 0.051	 0.044	 0.047	 0.047	  5762	  7202	  7487	  7792	  7792	   03:30
 153	-0.007	 0.036	-0.014	 0.006	 0.002	 0.017	-0.032	 0.001	 0.077	 0.058	 0.061	 0.071	 0.050	 0.049	 0.049	 0.044	  6921	  5971	  8287	  7055	  8287	   03:48
 154	-0.011	 0.001	-0.022	 0.019	-0.019	-0.010	-0.008	 0.004	 0.095	 0.076	 0.067	 0.078	 0.046	 0.048	 0.049	 0.045	  6293	  6536	  8780	  6663	  8780	   03:56
 155	 0.011	-0.005	-0.037	-0.004	 0.023	-0.001	 0.004	 0.004	 0.080	 0.088	 0.089	 0.076	 0.050	 0.046	 0.045	 0.048	  6199	  6292	  8235	  7507	  8235	   03:48
 156	-0.020	-0.007	 0.013	 0.013	 0.021	 0.004	-0.002	-0.031	 0.074	 0.087	 0.080	 0.077	 0.051	 0.040	 0.053	 0.046	  7089	  5812	  7587	  7742	  7742	   03:40
 157	-0.001	-0.005	 0.013	-0.025	-0.004	 0.024	-0.008	-0.008	 0.069	 0.075	 0.081	 0.107	 0.045	 0.041	 0.049	 0.047	  6865	  6538	  7344	  7649	  7649	   03:42
 158	 0.006	 0.010	-0.002	 0.002	-0.005	-0.017	-0.003	-0.046	 0.068	 0.105	 0.073	 0.075	 0.044	 0.045	 0.043	 0.053	  7133	  5149	  8067	  7887	  8067	   03:36
 159	-0.002	-0.013	 0.013	 0.012	 0.010	-0.006	 0.025	-0.026	 0.094	 0.082	 0.084	 0.069	 0.052	 0.041	 0.050	 0.038	  5969	  6633	  7519	  8162	  8162	   03:51
 160	-0.006	 0.024	 0.005	 0.020	-0.008	 0.011	 0.004	 0.002	 0.082	 0.070	 0.071	 0.058	 0.042	 0.046	 0.045	 0.046	  6906	  6041	  7685	  7741	  7741	   03:20
 161	 0.005	-0.019	-0.009	-0.000	-0.001	-0.016	-0.028	-0.014	 0.089	 0.085	 0.077	 0.080	 0.049	 0.044	 0.045	 0.043	  5939	  6848	  8077	  7480	  8077	   03:36
 162	-0.019	 0.021	-0.011	-0.005	 0.034	-0.012	 0.003	 0.023	 0.080	 0.094	 0.085	 0.077	 0.043	 0.049	 0.050	 0.044	  7510	  5150	  7710	  7974	  7974	   03:38
 163	-0.023	-0.017	 0.008	-0.011	 0.004	-0.009	 0.018	 0.001	 0.093	 0.080	 0.088	 0.076	 0.050	 0.048	 0.040	 0.048	  6491	  6504	  7006	  8271	  8271	   03:32
 164	-0.030	 0.017	 0.039	-0.038	 0.011	-0.009	-0.009	-0.016	 0.078	 0.076	 0.071	 0.089	 0.042	 0.046	 0.041	 0.051	  7525	  5431	  6564	  8809	  8809	   03:34
 165	-0.014	-0.036	-0.017	 0.000	-0.013	 0.006	 0.008	 0.010	 0.082	 0.070	 0.084	 0.079	 0.043	 0.038	 0.048	 0.049	  6132	  7249	  7762	  7252	  7762	   03:30
 166	-0.005	-0.004	-0.014	-0.001	 0.013	 0.006	 0.019	 0.002	 0.081	 0.080	 0.082	 0.085	 0.041	 0.042	 0.037	 0.037	  6574	  6403	  8095	  7469	  8095	   03:23
 167	 0.012	-0.006	-0.032	 0.011	-0.005	-0.015	 0.009	-0.010	 0.089	 0.078	 0.086	 0.087	 0.047	 0.045	 0.046	 0.047	  5786	  6822	  8736	  6925	  8736	   03:26
 168	-0.002	 0.007	-0.011	 0.007	 0.028	 0.005	 0.004	 0.020	 0.076	 0.087	 0.077	 0.078	 0.043	 0.045	 0.050	 0.052	  6909	  5900	  8081	  7377	  8081	   03:40
 169	-0.002	-0.007	 0.022	-0.014	 0.010	-0.007	 0.014	 0.003	 0.087	 0.074	 0.086	 0.093	 0.053	 0.051	 0.045	 0.047	  6270	  6735	  7059	  8108	  8108	   03:38
 170	 0.002	 0.006	 0.011	 0.005	 0.018	-0.003	-0.008	 0.007	 0.070	 0.087	 0.091	 0.079	 0.048	 0.044	 0.047	 0.044	  7101	  5922	  7263	  8061	  8061	   03:38
 171	 0.014	 0.034	-0.023	 0.004	 0.022	 0.009	 0.003	 0.002	 0.075	 0.065	 0.082	 0.075	 0.041	 0.041	 0.045	 0.045	  6565	  6076	  8256	  7544	  8256	   03:42
 172	-0.015	-0.024	 0.033	 0.001	-0.007	-0.011	 0.017	-0.012	 0.074	 0.095	 0.079	 0.095	 0.042	 0.038	 0.048	 0.046	  7123	  6231	  7264	  7859	  7859	   03:45
 173	 0.021	 0.001	 0.001	 0.024	 0.009	-0.027	 0.018	-0.027	 0.080	 0.068	 0.075	 0.073	 0.052	 0.046	 0.043	 0.041	  5664	  6795	  8365	  7455	  8365	   03:46
 174	 0.005	-0.005	-0.014	 0.009	 0.004	 0.022	 0.031	 0.021	 0.084	 0.079	 0.078	 0.070	 0.040	 0.041	 0.044	 0.049	  6292	  6657	  8004	  7430	  8004	   03:36
 175	 0.009	 0.026	-0.004	-0.001	-0.009	 0.034	-0.012	-0.005	 0.084	 0.086	 0.067	 0.086	 0.045	 0.045	 0.038	 0.042	  6863	  6008	  8254	  7322	  8254	   04:14
 176	 0.002	 0.018	 0.016	-0.003	-0.000	-0.009	 0.009	 0.011	 0.090	 0.073	 0.083	 0.079	 0.045	 0.042	 0.052	 0.044	  6514	  6327	  7283	  8199	  8199	   03:43
 177	-0.018	-0.001	-0.003	 0.012	 0.007	 0.012	 0.007	 0.011	 0.079	 0.068	 0.073	 0.074	 0.046	 0.041	 0.044	 0.042	  6808	  6447	  7885	  7281	  7885	   03:58
 178	 0.027	 0.000	-0.007	-0.008	 0.002	-0.008	-0.013	 0.003	 0.071	 0.083	 0.080	 0.070	 0.052	 0.046	 0.041	 0.050	  6183	  6445	  7587	  8025	  8025	   04:26
 179	-0.057	-0.016	 0.003	 0.012	-0.007	-0.002	-0.020	-0.003	 0.073	 0.095	 0.083	 0.094	 0.041	 0.044	 0.040	 0.049	  8252	  5513	  7691	  7042	  8252	   06:09
 180	 0.009	 0.007	 0.012	-0.008	 0.003	 0.020	 0.011	 0.024	 0.075	 0.076	 0.086	 0.085	 0.046	 0.045	 0.042	 0.047	  6772	  6492	  7133	  7960	  7960	   04:06
 181	-0.015	-0.030	-0.018	-0.005	-0.005	 0.010	-0.001	-0.014	 0.088	 0.074	 0.082	 0.074	 0.041	 0.051	 0.045	 0.046	  6049	  7023	  7734	  7484	  7734	   03:54
 182	-0.033	 0.010	-0.000	-0.016	-0.019	 0.017	-0.006	 0.000	 0.072	 0.091	 0.077	 0.080	 0.041	 0.048	 0.036	 0.043	  8018	  5230	  7271	  7931	  8018	   03:42
 183	-0.010	-0.000	-0.010	 0.010	 0.019	 0.015	-0.017	-0.029	 0.066	 0.060	 0.067	 0.096	 0.046	 0.047	 0.048	 0.043	  6695	  6567	  8611	  6464	  8611	   03:48
 184	-0.006	-0.006	 0.003	-0.010	 0.015	 0.004	-0.019	-0.010	 0.086	 0.079	 0.084	 0.082	 0.048	 0.044	 0.043	 0.045	  6452	  6515	  7437	  7947	  7947	   03:38
 185	-0.007	 0.025	-0.001	-0.010	-0.002	-0.009	-0.023	 0.014	 0.075	 0.076	 0.075	 0.053	 0.042	 0.052	 0.046	 0.040	  7176	  5573	  7105	  8525	  8525	   03:54
 186	 0.007	 0.011	 0.000	-0.009	 0.039	-0.020	 0.010	-0.007	 0.077	 0.086	 0.079	 0.075	 0.041	 0.047	 0.044	 0.038	  6596	  5793	  7746	  8309	  8309	   03:28
 187	 0.051	 0.018	-0.004	 0.018	-0.002	-0.007	 0.012	 0.003	 0.086	 0.092	 0.083	 0.072	 0.044	 0.048	 0.040	 0.043	  5788	  6617	  8213	  7788	  8213	   03:32
 188	-0.003	-0.009	 0.006	-0.018	 0.022	-0.049	-0.016	-0.004	 0.067	 0.071	 0.076	 0.088	 0.042	 0.049	 0.042	 0.040	  6520	  6346	  7631	  8027	  8027	   03:40
 189	-0.041	 0.026	 0.007	 0.025	-0.010	-0.017	 0.002	-0.021	 0.073	 0.079	 0.096	 0.097	 0.045	 0.050	 0.044	 0.050	  8243	  5139	  7715	  7184	  8243	   03:56
 190	-0.026	-0.001	-0.009	-0.014	 0.016	-0.012	 0.000	 0.009	 0.073	 0.066	 0.085	 0.083	 0.045	 0.046	 0.049	 0.053	  6994	  6082	  7426	  7752	  7752	   03:38
 191	 0.014	-0.020	 0.007	 0.010	-0.018	-0.001	-0.013	-0.011	 0.066	 0.088	 0.080	 0.069	 0.048	 0.039	 0.038	 0.046	  6542	  6635	  7474	  7823	  7823	   03:36
 192	-0.028	 0.003	-0.019	-0.005	-0.002	-0.004	-0.022	 0.029	 0.074	 0.078	 0.071	 0.071	 0.043	 0.047	 0.044	 0.045	  7376	  5810	  7846	  7420	  7846	   03:22
 193	-0.016	-0.009	 0.024	 0.007	 0.046	 0.024	-0.011	-0.022	 0.082	 0.076	 0.082	 0.082	 0.044	 0.042	 0.047	 0.049	  6702	  6511	  7338	  7880	  7880	   03:30
 194	 0.011	 0.006	 0.013	 0.000	-0.013	-0.019	 0.009	-0.021	 0.085	 0.071	 0.078	 0.078	 0.040	 0.043	 0.041	 0.035	  6135	  6657	  7660	  8104	  8104	   05:55
 195	-0.010	 0.023	 0.004	-0.040	-0.021	-0.012	 0.017	-0.022	 0.076	 0.073	 0.081	 0.070	 0.051	 0.048	 0.045	 0.043	  6979	  5415	  6789	  9039	  9039	   06:37
 196	-0.013	-0.006	 0.010	 0.015	-0.034	 0.014	 0.009	 0.012	 0.100	 0.082	 0.077	 0.066	 0.037	 0.046	 0.046	 0.049	  6569	  6731	  7424	  7705	  7705	   04:16
 197	-0.018	-0.024	-0.011	 0.009	-0.005	-0.014	-0.017	 0.012	 0.069	 0.075	 0.078	 0.089	 0.041	 0.048	 0.041	 0.048	  6864	  6678	  8067	  6850	  8067	   03:38
 198	 0.001	-0.003	-0.015	-0.006	 0.025	-0.004	 0.008	-0.015	 0.081	 0.077	 0.093	 0.092	 0.044	 0.045	 0.046	 0.049	  6320	  6454	  7925	  7578	  7925	   03:48
 199	-0.040	 0.015	 0.005	 0.002	 0.011	-0.008	 0.016	-0.007	 0.065	 0.068	 0.085	 0.089	 0.048	 0.043	 0.049	 0.047	  7886	  5345	  7475	  7586	  7886	   03:42
 200	-0.001	 0.024	 0.004	 0.009	 0.003	 0.015	 0.027	 0.022	 0.087	 0.081	 0.064	 0.076	 0.043	 0.042	 0.049	 0.042	  6826	  5923	  8177	  7491	  8177	   03:42
 201	 0.002	 0.042	 0.001	 0.022	 0.029	-0.000	 0.032	 0.020	 0.080	 0.098	 0.074	 0.091	 0.054	 0.048	 0.045	 0.042	  7447	  5030	  8587	  7176	  8587	   03:40
 202	 0.030	 0.028	 0.000	-0.017	 0.010	 0.042	 0.005	 0.008	 0.068	 0.076	 0.080	 0.077	 0.040	 0.047	 0.044	 0.042	  6700	  6171	  7360	  8181	  8181	   03:40
 203	 0.012	 0.002	-0.005	-0.019	-0.042	-0.014	 0.004	-0.010	 0.072	 0.062	 0.080	 0.086	 0.045	 0.044	 0.043	 0.049	  6277	  6744	  7568	  7768	  7768	   03:46
 204	 0.019	-0.003	-0.028	 0.012	-0.023	-0.021	-0.043	 0.014	 0.075	 0.088	 0.074	 0.090	 0.050	 0.054	 0.044	 0.046	  6386	  6590	  8771	  6529	  8771	   04:08
 205	 0.003	 0.014	 0.021	-0.036	 0.003	 0.016	-0.003	 0.006	 0.072	 0.064	 0.093	 0.077	 0.042	 0.044	 0.041	 0.042	  6855	  6364	  6169	  9051	  9051	   03:50
 206	 0.011	 0.007	 0.006	 0.007	 0.011	-0.031	 0.009	 0.003	 0.071	 0.060	 0.072	 0.070	 0.047	 0.050	 0.048	 0.044	  6153	  6570	  7766	  7802	  7802	   03:54
 207	 0.005	-0.022	 0.017	-0.000	 0.016	 0.007	-0.018	 0.022	 0.088	 0.091	 0.090	 0.093	 0.047	 0.043	 0.044	 0.050	  6344	  6998	  7310	  7732	  7732	   04:00
 208	 0.007	-0.018	 0.021	-0.006	-0.012	 0.007	-0.019	-0.009	 0.077	 0.083	 0.073	 0.086	 0.053	 0.044	 0.044	 0.042	  6356	  6812	  7390	  7770	  7770	   03:54
 209	-0.043	 0.009	 0.029	-0.029	 0.006	 0.009	-0.025	-0.005	 0.081	 0.072	 0.084	 0.102	 0.043	 0.052	 0.047	 0.046	  7719	  5792	  6679	  8141	  8141	   03:48
 210	-0.011	-0.016	-0.033	-0.015	-0.012	-0.006	-0.034	-0.000	 0.076	 0.086	 0.090	 0.091	 0.040	 0.041	 0.044	 0.047	  6788	  6374	  8022	  7276	  8022	   03:56
 211	 0.018	-0.023	-0.013	-0.016	 0.015	-0.002	-0.023	-0.029	 0.095	 0.080	 0.077	 0.073	 0.043	 0.052	 0.047	 0.045	  5257	  7219	  7831	  7932	  7932	   04:00
 212	 0.016	 0.008	 0.031	 0.001	 0.008	 0.028	 0.020	 0.015	 0.091	 0.083	 0.081	 0.078	 0.041	 0.045	 0.045	 0.038	  6382	  6718	  7050	  8321	  8321	   04:10
 213	 0.020	 0.029	 0.003	 0.008	-0.000	 0.027	-0.005	 0.015	 0.093	 0.073	 0.090	 0.089	 0.047	 0.047	 0.048	 0.048	  6359	  6665	  7704	  7501	  7704	   04:10
 214	 0.007	 0.009	-0.024	-0.008	-0.005	 0.026	 0.018	 0.003	 0.084	 0.077	 0.075	 0.104	 0.050	 0.044	 0.047	 0.045	  6370	  6463	  8675	  6747	  8675	   03:58
 215	-0.038	-0.005	-0.014	 0.030	-0.027	-0.024	 0.008	-0.018	 0.082	 0.093	 0.099	 0.074	 0.044	 0.040	 0.048	 0.051	  7612	  5573	  7806	  7356	  7806	   03:58
 216	 0.028	-0.001	 0.004	-0.018	 0.005	 0.010	 0.008	-0.007	 0.069	 0.088	 0.068	 0.082	 0.044	 0.039	 0.049	 0.041	  6271	  6319	  7807	  8009	  8009	   03:50
 217	-0.022	-0.008	 0.003	 0.013	-0.009	-0.004	-0.007	-0.006	 0.089	 0.083	 0.076	 0.085	 0.048	 0.047	 0.039	 0.046	  6830	  6367	  7966	  7193	  7966	   03:50
 218	-0.010	-0.017	-0.004	 0.023	 0.005	 0.026	 0.012	 0.013	 0.098	 0.087	 0.070	 0.087	 0.041	 0.035	 0.042	 0.045	  6330	  6951	  8543	  6691	  8543	   03:34
 219	 0.018	-0.017	-0.030	-0.014	 0.012	 0.001	 0.012	-0.012	 0.063	 0.069	 0.084	 0.068	 0.045	 0.049	 0.045	 0.038	  5888	  6751	  7834	  7852	  7852	   03:32
 220	 0.003	 0.011	-0.016	-0.022	-0.006	-0.003	 0.005	-0.018	 0.069	 0.078	 0.087	 0.082	 0.044	 0.042	 0.046	 0.045	  6804	  5833	  7603	  8082	  8082	   03:36
 221	-0.026	 0.005	-0.007	 0.001	-0.032	-0.020	-0.021	 0.036	 0.071	 0.090	 0.099	 0.093	 0.047	 0.038	 0.044	 0.048	  7997	  5646	  7343	  7579	  7997	   03:30
 222	-0.026	-0.003	 0.016	-0.009	 0.026	 0.035	 0.014	 0.018	 0.058	 0.080	 0.066	 0.068	 0.043	 0.040	 0.039	 0.040	  7771	  5604	  7084	  8072	  8072	   03:44
 223	 0.015	-0.004	-0.026	 0.007	 0.007	-0.033	 0.015	-0.001	 0.068	 0.099	 0.080	 0.062	 0.047	 0.040	 0.048	 0.050	  6534	  5748	  8239	  7786	  8239	   03:46
 224	-0.025	 0.021	-0.006	 0.001	-0.003	-0.012	-0.002	 0.018	 0.076	 0.079	 0.073	 0.094	 0.043	 0.042	 0.040	 0.047	  7606	  5536	  8181	  7152	  8181	   03:46
 225	-0.018	-0.029	-0.007	-0.007	-0.008	 0.025	 0.003	 0.007	 0.079	 0.081	 0.088	 0.057	 0.045	 0.052	 0.048	 0.042	  6636	  6618	  6828	  8189	  8189	   03:28
 226	-0.034	 0.025	 0.000	 0.015	-0.024	-0.017	-0.006	 0.017	 0.089	 0.083	 0.092	 0.080	 0.052	 0.042	 0.037	 0.048	  7771	  5475	  7525	  7659	  7771	   03:38
 227	 0.010	-0.030	 0.023	-0.006	-0.007	 0.038	-0.007	 0.031	 0.091	 0.094	 0.067	 0.067	 0.048	 0.046	 0.038	 0.049	  6094	  7180	  7038	  8036	  8036	   03:36
 228	 0.016	-0.003	-0.023	-0.001	-0.001	-0.009	-0.005	-0.005	 0.093	 0.091	 0.077	 0.084	 0.051	 0.042	 0.043	 0.040	  5886	  6569	  8580	  7358	  8580	   03:36
 229	-0.005	 0.012	-0.002	 0.017	-0.006	 0.015	 0.029	-0.004	 0.078	 0.072	 0.076	 0.103	 0.042	 0.047	 0.045	 0.046	  6899	  6363	  8506	  6632	  8506	   03:40
 230	 0.003	 0.018	-0.008	-0.004	-0.014	 0.040	-0.010	-0.007	 0.088	 0.072	 0.062	 0.075	 0.047	 0.042	 0.047	 0.043	  6425	  6406	  8133	  7354	  8133	   03:52
 231	-0.009	 0.024	 0.005	-0.004	 0.000	 0.002	 0.018	 0.043	 0.083	 0.088	 0.086	 0.089	 0.049	 0.046	 0.045	 0.045	  7420	  5662	  7450	  7832	  7832	   03:44
 232	 0.014	 0.027	-0.024	 0.022	 0.011	-0.010	 0.002	 0.010	 0.056	 0.074	 0.083	 0.082	 0.044	 0.044	 0.051	 0.040	  7142	  5710	  8569	  6957	  8569	   03:38
 233	 0.008	-0.010	-0.006	 0.023	 0.024	 0.011	 0.010	 0.015	 0.084	 0.069	 0.085	 0.074	 0.046	 0.050	 0.044	 0.042	  5987	  7164	  7950	  7233	  7950	   04:00
 234	-0.012	 0.001	 0.005	-0.007	 0.031	-0.011	-0.002	 0.002	 0.099	 0.052	 0.063	 0.095	 0.046	 0.042	 0.035	 0.045	  5780	  7203	  8290	  7209	  8290	   03:48
 235	 0.017	-0.033	 0.008	-0.022	-0.017	-0.008	 0.013	 0.006	 0.083	 0.077	 0.057	 0.105	 0.040	 0.046	 0.048	 0.053	  5481	  7443	  8244	  7105	  8244	   04:06
 236	 0.011	-0.022	 0.012	-0.001	-0.011	-0.003	-0.005	 0.008	 0.076	 0.092	 0.068	 0.099	 0.039	 0.040	 0.039	 0.044	  6448	  6841	  8094	  7207	  8094	   03:46
 237	-0.016	 0.006	-0.045	-0.004	-0.036	 0.029	 0.024	 0.006	 0.094	 0.083	 0.098	 0.075	 0.038	 0.045	 0.036	 0.044	  6873	  6205	  8000	  7435	  8000	   03:46
 238	 0.001	-0.015	-0.013	-0.009	 0.018	 0.002	-0.018	-0.002	 0.076	 0.079	 0.093	 0.064	 0.045	 0.044	 0.049	 0.048	  6341	  6529	  7189	  8236	  8236	   03:20
 239	-0.029	-0.028	-0.015	-0.021	 0.006	 0.003	-0.007	 0.009	 0.081	 0.068	 0.095	 0.093	 0.047	 0.037	 0.048	 0.046	  6572	  6860	  7352	  7628	  7628	   03:32
 240	-0.015	-0.005	 0.002	-0.023	 0.017	 0.013	 0.005	 0.014	 0.074	 0.079	 0.084	 0.074	 0.045	 0.041	 0.041	 0.054	  6997	  6075	  6905	  8343	  8343	   03:28
 241	-0.001	 0.010	 0.009	 0.012	-0.002	 0.014	-0.013	-0.010	 0.077	 0.070	 0.073	 0.073	 0.043	 0.046	 0.037	 0.045	  6754	  6462	  7691	  7561	  7691	   03:20
 242	 0.020	 0.021	-0.015	 0.030	-0.017	-0.000	 0.005	-0.018	 0.077	 0.090	 0.093	 0.076	 0.049	 0.051	 0.055	 0.044	  6698	  5897	  8241	  7270	  8241	   03:54
 243	 0.018	-0.013	 0.005	 0.008	 0.018	-0.018	-0.002	-0.003	 0.092	 0.068	 0.087	 0.078	 0.042	 0.046	 0.050	 0.042	  5417	  7428	  7705	  7848	  7848	   04:10
 244	 0.023	 0.027	-0.014	 0.009	 0.002	-0.015	 0.006	-0.035	 0.086	 0.088	 0.093	 0.074	 0.050	 0.051	 0.046	 0.051	  6296	  5830	  8014	  7951	  8014	   06:11
 245	 0.001	-0.023	-0.009	 0.038	 0.004	 0.006	-0.001	-0.011	 0.088	 0.099	 0.097	 0.081	 0.045	 0.039	 0.045	 0.043	  6444	  6763	  8197	  7069	  8197	   03:46
 246	 0.013	 0.010	 0.006	-0.018	 0.009	-0.009	 0.030	-0.003	 0.078	 0.071	 0.090	 0.082	 0.049	 0.039	 0.042	 0.038	  6287	  6403	  7254	  8525	  8525	   04:18
 247	-0.022	 0.019	 0.032	-0.012	 0.022	 0.003	-0.031	-0.020	 0.076	 0.089	 0.081	 0.086	 0.046	 0.054	 0.055	 0.044	  7689	  5216	  6890	  8396	  8396	   03:52
 248	 0.017	 0.004	 0.016	-0.008	-0.028	 0.009	-0.020	-0.006	 0.080	 0.087	 0.097	 0.062	 0.047	 0.050	 0.046	 0.047	  6597	  6385	  6398	  8841	  8841	   04:00
 249	-0.022	 0.006	 0.008	-0.005	 0.002	-0.006	-0.010	-0.001	 0.095	 0.060	 0.064	 0.086	 0.048	 0.040	 0.045	 0.047	  6368	  6650	  7932	  7401	  7932	   03:32
 250	 0.015	-0.018	 0.020	 0.013	 0.041	-0.023	 0.003	 0.038	 0.083	 0.094	 0.082	 0.073	 0.046	 0.049	 0.050	 0.043	  6196	  6751	  7415	  8067	  8067	   03:48
 251	 0.000	-0.034	-0.019	 0.001	-0.014	 0.013	-0.021	 0.004	 0.090	 0.073	 0.074	 0.072	 0.040	 0.046	 0.047	 0.050	  5660	  7533	  7999	  7137	  7999	   04:56
 252	-0.019	-0.015	 0.009	-0.009	-0.028	 0.018	-0.005	 0.011	 0.088	 0.100	 0.075	 0.077	 0.036	 0.041	 0.043	 0.046	  7154	  6157	  7266	  7916	  7916	   04:20
 253	-0.006	-0.007	 0.015	-0.003	 0.011	-0.017	-0.004	-0.010	 0.067	 0.098	 0.069	 0.085	 0.037	 0.044	 0.044	 0.041	  7237	  5700	  7765	  7825	  7825	   04:12
 254	-0.020	-0.018	-0.006	 0.005	 0.006	 0.010	 0.010	 0.019	 0.075	 0.097	 0.078	 0.087	 0.049	 0.045	 0.045	 0.042	  7238	  5993	  7928	  7204	  7928	   04:06
 255	-0.007	 0.014	-0.003	-0.020	-0.019	 0.012	-0.004	-0.024	 0.068	 0.096	 0.094	 0.095	 0.054	 0.043	 0.049	 0.044	  7577	  5253	  7331	  8053	  8053	   04:07
 256	-0.012	 0.011	-0.023	-0.001	-0.017	 0.000	 0.016	 0.009	 0.064	 0.084	 0.061	 0.087	 0.045	 0.048	 0.052	 0.048	  7370	  5419	  8677	  6753	  8677	   04:06
 257	-0.027	 0.001	 0.004	 0.017	-0.010	 0.002	-0.012	-0.013	 0.077	 0.071	 0.069	 0.087	 0.046	 0.053	 0.049	 0.046	  7143	  6186	  8084	  6812	  8084	   06:19
 258	-0.007	 0.031	-0.029	 0.004	-0.003	-0.025	-0.006	 0.001	 0.074	 0.079	 0.066	 0.075	 0.048	 0.044	 0.046	 0.042	  7105	  5307	  8774	  7181	  8774	   03:54
 259	-0.032	 0.025	 0.003	-0.003	 0.012	 0.002	-0.037	 0.025	 0.089	 0.097	 0.078	 0.091	 0.044	 0.048	 0.044	 0.048	  7951	  5206	  7739	  7520	  7951	   04:16
 260	-0.010	 0.028	-0.017	-0.005	 0.019	 0.004	-0.008	 0.023	 0.065	 0.114	 0.080	 0.090	 0.046	 0.045	 0.036	 0.040	  8277	  4521	  8179	  7518	  8277	   03:36
 261	-0.013	-0.002	-0.017	-0.016	 0.015	-0.016	-0.029	-0.014	 0.074	 0.077	 0.081	 0.070	 0.040	 0.043	 0.046	 0.049	  6784	  5962	  7610	  8030	  8030	   03:36
 262	-0.017	 0.011	 0.027	-0.009	 0.005	 0.044	-0.006	 0.006	 0.085	 0.076	 0.065	 0.086	 0.045	 0.043	 0.043	 0.044	  7142	  6267	  7290	  7760	  7760	   03:56
 263	-0.008	 0.013	-0.020	-0.022	 0.017	-0.032	 0.019	-0.011	 0.071	 0.083	 0.088	 0.078	 0.053	 0.040	 0.041	 0.046	  6945	  5366	  7711	  8315	  8315	   03:50
 264	-0.002	-0.020	 0.015	-0.034	-0.002	-0.032	-0.014	-0.014	 0.071	 0.078	 0.089	 0.088	 0.050	 0.046	 0.039	 0.037	  6473	  6491	  6788	  8677	  8677	   04:04
 265	 0.003	 0.020	 0.025	-0.021	 0.001	-0.023	 0.007	-0.023	 0.079	 0.075	 0.058	 0.065	 0.046	 0.046	 0.043	 0.047	  6539	  5730	  7268	  8741	  8741	   04:04
 266	-0.004	 0.009	 0.017	 0.025	 0.031	-0.011	 0.002	 0.024	 0.072	 0.100	 0.101	 0.082	 0.043	 0.041	 0.047	 0.037	  7595	  5632	  7359	  8022	  8022	   04:02
 267	-0.015	 0.012	-0.010	-0.007	-0.012	 0.004	 0.034	 0.017	 0.078	 0.074	 0.074	 0.076	 0.048	 0.044	 0.038	 0.043	  7028	  5877	  7829	  7686	  7829	   04:00
 268	-0.024	-0.005	 0.018	-0.006	-0.002	 0.007	-0.012	-0.011	 0.104	 0.073	 0.063	 0.094	 0.036	 0.043	 0.050	 0.045	  6363	  6806	  7909	  7372	  7909	   03:56
 269	-0.019	 0.026	 0.008	 0.051	 0.010	 0.005	-0.009	-0.033	 0.101	 0.089	 0.069	 0.085	 0.046	 0.045	 0.042	 0.045	  7052	  5849	  8913	  6574	  8913	   04:14
 270	-0.007	 0.033	-0.006	-0.008	-0.004	-0.006	-0.008	 0.002	 0.093	 0.090	 0.083	 0.089	 0.046	 0.043	 0.044	 0.049	  7113	  5500	  7904	  7791	  7904	   05:02
 271	-0.004	-0.002	 0.029	-0.012	 0.004	 0.014	-0.004	 0.016	 0.085	 0.072	 0.097	 0.061	 0.042	 0.049	 0.046	 0.050	  6636	  6683	  5935	  9041	  9041	   04:06
 272	-0.016	-0.023	 0.013	 0.011	 0.001	-0.013	 0.014	 0.016	 0.078	 0.062	 0.063	 0.077	 0.036	 0.043	 0.040	 0.040	  6361	  7111	  7859	  7293	  7859	   03:50
 273	 0.006	-0.006	 0.002	-0.036	-0.018	-0.013	 0.029	-0.017	 0.087	 0.085	 0.068	 0.080	 0.047	 0.043	 0.047	 0.047	  6024	  6221	  7599	  8432	  8432	   04:12
 274	 0.012	 0.005	 0.018	 0.014	 0.015	 0.004	-0.006	-0.025	 0.082	 0.067	 0.059	 0.071	 0.047	 0.040	 0.047	 0.044	  5988	  6761	  8057	  7568	  8057	   03:58
 275	-0.005	 0.008	 0.021	-0.001	-0.007	 0.019	-0.009	 0.033	 0.079	 0.096	 0.083	 0.074	 0.047	 0.049	 0.045	 0.038	  7440	  5851	  6888	  8228	  8228	   03:40
 276	-0.007	-0.017	 0.001	 0.010	 0.030	-0.003	-0.017	 0.046	 0.083	 0.080	 0.075	 0.089	 0.045	 0.041	 0.046	 0.041	  6529	  6896	  8075	  7124	  8075	   03:40
 277	-0.020	 0.008	-0.023	-0.001	-0.031	-0.010	 0.008	-0.001	 0.089	 0.084	 0.070	 0.087	 0.043	 0.049	 0.039	 0.045	  6929	  5894	  8560	  6994	  8560	   03:50
 278	 0.005	 0.004	-0.032	 0.002	-0.021	 0.002	 0.005	-0.008	 0.094	 0.068	 0.076	 0.068	 0.043	 0.048	 0.039	 0.047	  5795	  6796	  8398	  7331	  8398	   03:48
 279	-0.024	-0.010	-0.009	-0.000	 0.008	 0.025	 0.008	-0.009	 0.083	 0.085	 0.080	 0.076	 0.043	 0.043	 0.042	 0.051	  6953	  6135	  7686	  7546	  7686	   03:24
 280	 0.009	 0.010	-0.004	-0.012	 0.013	 0.002	 0.002	 0.005	 0.078	 0.072	 0.078	 0.071	 0.044	 0.047	 0.044	 0.042	  6372	  6345	  7508	  8115	  8115	   03:32
 281	 0.006	 0.012	 0.001	 0.017	 0.033	-0.018	-0.026	-0.030	 0.076	 0.082	 0.077	 0.077	 0.044	 0.041	 0.041	 0.047	  6685	  5993	  8241	  7579	  8241	   03:32
 282	 0.007	-0.009	 0.009	 0.021	-0.016	-0.023	-0.007	-0.001	 0.068	 0.081	 0.086	 0.093	 0.043	 0.044	 0.049	 0.046	  6770	  6567	  7891	  7165	  7891	   03:36
 283	 0.004	-0.004	 0.035	-0.003	 0.010	 0.005	-0.020	 0.012	 0.074	 0.080	 0.072	 0.099	 0.038	 0.042	 0.043	 0.050	  6847	  6668	  7391	  7632	  7632	   03:27
 284	-0.005	-0.016	-0.016	-0.020	-0.013	 0.002	-0.010	-0.001	 0.074	 0.074	 0.087	 0.091	 0.050	 0.045	 0.041	 0.050	  6484	  6668	  7601	  7537	  7601	   03:21
 285	 0.017	-0.008	-0.008	 0.026	-0.014	-0.002	 0.015	-0.002	 0.078	 0.081	 0.082	 0.082	 0.049	 0.044	 0.044	 0.041	  6179	  6838	  8365	  7026	  8365	   03:36
 286	 0.026	-0.011	 0.025	-0.003	-0.005	 0.020	-0.004	-0.004	 0.073	 0.081	 0.090	 0.068	 0.045	 0.047	 0.039	 0.045	  6244	  6971	  6615	  8581	  8581	   04:02
 287	-0.009	 0.003	 0.024	 0.008	 0.020	 0.016	 0.003	 0.004	 0.079	 0.061	 0.090	 0.074	 0.048	 0.040	 0.048	 0.046	  6669	  6702	  6864	  8122	  8122	   03:32
 288	-0.035	-0.002	-0.024	 0.021	-0.009	-0.026	-0.004	 0.013	 0.092	 0.074	 0.076	 0.093	 0.037	 0.046	 0.045	 0.048	  6904	  6326	  8810	  6429	  8810	   03:40
 289	-0.003	 0.017	-0.015	-0.020	-0.045	 0.013	-0.004	-0.004	 0.080	 0.078	 0.071	 0.062	 0.048	 0.055	 0.043	 0.037	  6852	  5841	  7478	  8108	  8108	   04:52
 290	 0.013	-0.008	 0.031	 0.020	-0.022	 0.004	-0.007	-0.035	 0.096	 0.084	 0.088	 0.084	 0.045	 0.046	 0.044	 0.041	  6024	  7102	  7401	  7891	  7891	   03:40
 291	-0.019	 0.003	-0.002	 0.023	-0.035	-0.023	 0.001	 0.028	 0.083	 0.076	 0.074	 0.078	 0.042	 0.051	 0.046	 0.043	  7110	  6296	  8035	  7042	  8035	   03:46
 292	-0.014	 0.001	-0.013	 0.016	 0.012	-0.014	-0.019	-0.015	 0.077	 0.077	 0.087	 0.067	 0.046	 0.051	 0.038	 0.042	  6863	  6087	  7832	  7601	  7832	   03:38
 293	 0.010	-0.008	 0.009	-0.013	 0.007	 0.003	-0.021	-0.009	 0.081	 0.077	 0.086	 0.095	 0.048	 0.037	 0.040	 0.043	  6241	  6898	  7517	  7863	  7863	   03:46
 294	 0.032	 0.002	-0.017	 0.041	 0.003	 0.011	-0.000	 0.024	 0.076	 0.085	 0.072	 0.069	 0.051	 0.051	 0.050	 0.047	  6088	  6761	  8740	  6572	  8740	   03:50
 295	-0.005	-0.010	-0.013	-0.024	-0.030	 0.015	-0.035	-0.018	 0.081	 0.083	 0.083	 0.079	 0.045	 0.049	 0.049	 0.046	  6579	  6436	  7343	  7884	  7884	   03:38
 296	-0.008	-0.002	-0.018	-0.008	 0.003	-0.015	 0.038	 0.017	 0.070	 0.072	 0.087	 0.079	 0.047	 0.046	 0.045	 0.044	  6735	  6141	  7734	  7753	  7753	   03:54
 297	-0.000	 0.014	-0.008	-0.002	 0.017	 0.006	-0.001	-0.002	 0.079	 0.082	 0.088	 0.082	 0.048	 0.040	 0.048	 0.042	  6829	  5955	  7759	  7847	  7847	   04:02
 298	-0.003	 0.017	 0.025	 0.013	 0.000	-0.004	 0.006	 0.030	 0.072	 0.084	 0.060	 0.070	 0.043	 0.046	 0.039	 0.045	  7342	  5819	  7608	  7751	  7751	   03:34
 299	-0.001	-0.000	-0.016	 0.014	 0.017	 0.008	 0.007	-0.000	 0.083	 0.080	 0.085	 0.069	 0.041	 0.041	 0.044	 0.039	  6491	  6406	  8028	  7584	  8028	   03:38
 300	-0.013	 0.007	 0.014	-0.004	-0.008	-0.029	-0.001	-0.026	 0.070	 0.065	 0.073	 0.069	 0.052	 0.045	 0.046	 0.037	  6806	  5944	  7335	  8236	  8236	   03:54
 301	 0.002	 0.007	 0.005	 0.005	 0.010	-0.007	 0.008	-0.020	 0.071	 0.078	 0.084	 0.070	 0.050	 0.051	 0.052	 0.048	  6708	  5938	  7396	  8040	  8040	   03:36
 302	-0.003	-0.022	 0.036	-0.031	 0.008	 0.016	-0.010	 0.018	 0.076	 0.074	 0.071	 0.079	 0.045	 0.038	 0.053	 0.041	  6442	  6876	  6487	  8610	  8610	   03:44
 303	 0.033	 0.014	-0.010	 0.015	-0.037	-0.010	-0.010	 0.034	 0.075	 0.070	 0.078	 0.083	 0.047	 0.052	 0.044	 0.042	  6209	  6941	  8206	  7038	  8206	   03:28
 304	 0.019	-0.008	-0.025	 0.006	 0.006	-0.004	-0.025	 0.014	 0.073	 0.101	 0.066	 0.088	 0.048	 0.046	 0.048	 0.047	  6495	  6248	  8872	  6675	  8872	   03:39
 305	 0.011	 0.001	-0.003	-0.000	-0.009	 0.004	 0.021	 0.004	 0.061	 0.085	 0.066	 0.078	 0.050	 0.047	 0.037	 0.049	  6872	  5971	  8037	  7414	  8037	   03:38
 306	-0.004	-0.020	-0.013	 0.005	 0.001	 0.023	-0.008	 0.011	 0.083	 0.086	 0.083	 0.075	 0.050	 0.047	 0.044	 0.041	  6451	  6728	  7768	  7382	  7768	   03:46
 307	-0.008	-0.001	-0.035	-0.005	 0.000	 0.001	-0.004	-0.008	 0.074	 0.088	 0.091	 0.072	 0.034	 0.049	 0.044	 0.043	  6947	  5856	  7935	  7667	  7935	   03:34
 308	 0.003	-0.007	-0.005	 0.012	 0.013	 0.028	 0.011	-0.007	 0.085	 0.081	 0.081	 0.079	 0.042	 0.045	 0.043	 0.044	  6324	  6742	  7976	  7374	  7976	   03:46
 309	 0.016	-0.006	 0.020	-0.003	 0.001	-0.027	 0.016	 0.010	 0.067	 0.086	 0.075	 0.078	 0.045	 0.050	 0.038	 0.049	  6587	  6314	  7334	  8117	  8117	   03:24
 310	 0.039	-0.012	-0.004	-0.009	 0.002	 0.019	-0.008	 0.013	 0.096	 0.079	 0.084	 0.066	 0.038	 0.047	 0.047	 0.049	  5171	  7554	  7387	  8177	  8177	   03:22
 311	 0.022	 0.000	-0.018	-0.002	 0.028	-0.034	 0.012	 0.003	 0.082	 0.073	 0.086	 0.064	 0.045	 0.051	 0.050	 0.045	  5645	  6651	  7842	  8134	  8134	   03:19
 312	-0.000	 0.005	 0.019	 0.004	-0.001	-0.035	 0.009	-0.025	 0.083	 0.086	 0.087	 0.072	 0.041	 0.045	 0.040	 0.037	  6668	  6036	  7272	  8548	  8548	   03:36
 313	 0.023	-0.033	 0.007	-0.012	 0.005	-0.015	-0.002	 0.019	 0.090	 0.073	 0.091	 0.079	 0.043	 0.044	 0.044	 0.042	  5233	  7804	  7174	  8242	  8242	   03:27
 314	 0.013	 0.022	-0.004	 0.003	 0.009	-0.024	 0.001	-0.017	 0.065	 0.078	 0.096	 0.085	 0.043	 0.043	 0.041	 0.048	  6962	  5802	  7692	  7968	  7968	   03:46
 315	 0.002	-0.019	-0.034	-0.007	-0.011	-0.002	 0.017	 0.004	 0.087	 0.090	 0.091	 0.093	 0.039	 0.039	 0.050	 0.047	  6183	  6654	  8358	  7187	  8358	   03:20
 316	 0.002	 0.008	-0.027	 0.020	-0.025	 0.001	 0.002	-0.003	 0.089	 0.061	 0.073	 0.083	 0.052	 0.050	 0.040	 0.045	  6024	  6910	  8835	  6491	  8835	   03:50
 317	-0.006	-0.013	 0.015	-0.007	-0.048	-0.020	-0.005	 0.007	 0.079	 0.059	 0.107	 0.079	 0.047	 0.045	 0.042	 0.044	  6579	  7169	  6347	  8399	  8399	   03:32
 318	 0.013	-0.016	-0.028	 0.009	-0.003	 0.030	-0.021	 0.026	 0.084	 0.085	 0.092	 0.071	 0.049	 0.045	 0.047	 0.049	  6152	  7019	  7855	  7243	  7855	   03:42
 319	 0.008	-0.029	-0.007	-0.002	-0.005	-0.010	 0.020	 0.012	 0.076	 0.064	 0.081	 0.072	 0.050	 0.048	 0.043	 0.048	  5678	  7352	  7570	  7672	  7672	   03:38
 320	-0.001	 0.001	-0.001	-0.003	 0.014	 0.021	-0.016	-0.006	 0.086	 0.081	 0.080	 0.092	 0.048	 0.050	 0.049	 0.043	  6519	  6489	  7872	  7358	  7872	   03:42
 321	-0.003	 0.037	 0.026	-0.002	-0.006	 0.022	 0.019	 0.002	 0.074	 0.065	 0.075	 0.072	 0.042	 0.046	 0.037	 0.048	  7318	  5844	  6980	  8290	  8290	   03:32
 322	 0.000	-0.004	-0.009	-0.015	 0.032	-0.006	-0.014	 0.001	 0.066	 0.072	 0.074	 0.073	 0.048	 0.045	 0.044	 0.043	  6566	  6205	  7694	  7928	  7928	   03:09
 323	-0.001	-0.004	-0.015	-0.003	 0.022	 0.009	 0.024	-0.027	 0.072	 0.089	 0.087	 0.097	 0.058	 0.045	 0.042	 0.050	  6695	  5939	  8188	  7309	  8188	   03:20
 324	-0.027	 0.007	 0.001	-0.006	 0.005	-0.001	 0.027	 0.017	 0.064	 0.069	 0.091	 0.096	 0.048	 0.048	 0.042	 0.044	  7659	  5805	  7341	  7570	  7659	   03:19
 325	-0.009	-0.012	-0.011	 0.005	 0.005	 0.000	 0.007	 0.012	 0.101	 0.070	 0.072	 0.077	 0.049	 0.042	 0.041	 0.048	  5811	  7092	  8195	  7248	  8195	   03:20
 326	 0.020	-0.012	 0.019	-0.001	 0.002	-0.037	 0.000	-0.013	 0.070	 0.069	 0.081	 0.072	 0.039	 0.047	 0.045	 0.045	  5948	  6919	  7237	  8337	  8337	   03:11
 327	-0.014	 0.015	 0.019	-0.006	 0.001	-0.006	 0.006	-0.009	 0.087	 0.101	 0.082	 0.080	 0.049	 0.047	 0.046	 0.045	  7337	  5315	  7213	  8371	  8371	   03:24
 328	 0.009	-0.001	-0.002	-0.026	 0.005	-0.033	-0.025	-0.013	 0.098	 0.063	 0.081	 0.076	 0.045	 0.042	 0.042	 0.043	  5471	  7069	  7451	  8444	  8444	   03:30
 329	-0.009	-0.002	 0.010	-0.013	 0.008	 0.020	-0.014	 0.013	 0.091	 0.082	 0.092	 0.084	 0.044	 0.047	 0.048	 0.045	  6696	  6514	  6965	  8151	  8151	   03:15
 330	-0.004	 0.006	 0.021	 0.012	-0.002	 0.021	-0.011	 0.015	 0.064	 0.077	 0.077	 0.081	 0.042	 0.043	 0.046	 0.042	  7425	  6204	  7334	  7562	  7562	   03:27
 331	-0.001	-0.012	 0.011	 0.004	 0.014	 0.000	 0.008	 0.031	 0.063	 0.072	 0.094	 0.084	 0.041	 0.043	 0.045	 0.043	  6950	  6677	  7091	  7859	  7859	   03:28
 332	 0.019	 0.015	-0.004	-0.008	-0.020	-0.011	 0.002	 0.004	 0.065	 0.086	 0.083	 0.076	 0.044	 0.042	 0.039	 0.047	  6941	  5888	  7551	  8078	  8078	   03:23
 333	 0.028	-0.019	 0.011	 0.029	-0.004	-0.008	-0.014	-0.013	 0.072	 0.083	 0.076	 0.066	 0.046	 0.033	 0.045	 0.045	  5941	  7079	  7916	  7565	  7916	   03:32
 334	 0.027	-0.014	 0.058	-0.012	-0.012	-0.001	-0.027	 0.011	 0.070	 0.083	 0.069	 0.067	 0.044	 0.050	 0.048	 0.052	  6324	  6918	  6166	  8845	  8845	   03:32
 335	 0.001	-0.026	 0.005	 0.016	-0.014	 0.001	-0.012	 0.004	 0.061	 0.090	 0.059	 0.094	 0.040	 0.052	 0.049	 0.047	  6907	  6537	  8419	  6452	  8419	   03:20
 336	 0.002	-0.016	-0.017	 0.027	-0.020	-0.005	 0.001	-0.012	 0.082	 0.095	 0.065	 0.077	 0.043	 0.048	 0.052	 0.045	  6386	  6388	  8884	  6585	  8884	   03:26
 337	-0.012	-0.016	-0.019	-0.027	 0.013	 0.027	 0.004	 0.006	 0.077	 0.080	 0.070	 0.074	 0.047	 0.047	 0.047	 0.035	  6520	  6315	  7685	  7812	  7812	   03:16
 338	-0.010	-0.002	-0.005	 0.014	 0.018	 0.008	-0.005	 0.025	 0.084	 0.079	 0.069	 0.083	 0.048	 0.045	 0.046	 0.038	  6678	  6469	  8308	  6969	  8308	   04:14
 339	-0.015	-0.003	-0.021	-0.024	 0.006	-0.005	 0.011	 0.017	 0.076	 0.064	 0.068	 0.088	 0.052	 0.051	 0.047	 0.039	  6473	  6361	  8087	  7338	  8087	   03:24
 340	-0.012	-0.008	 0.001	-0.007	-0.013	-0.026	-0.018	 0.002	 0.084	 0.103	 0.087	 0.078	 0.054	 0.042	 0.050	 0.041	  7006	  5745	  7386	  8162	  8162	   04:16
 341	-0.011	 0.016	-0.015	-0.041	-0.009	 0.024	-0.016	-0.004	 0.075	 0.084	 0.074	 0.078	 0.040	 0.049	 0.047	 0.052	  7208	  5479	  7318	  8215	  8215	   03:30
 342	 0.004	 0.034	-0.025	-0.013	-0.004	-0.009	-0.015	 0.015	 0.074	 0.077	 0.095	 0.073	 0.041	 0.041	 0.046	 0.043	  7136	  5581	  7568	  8165	  8165	   03:30
 343	 0.029	 0.016	-0.003	-0.024	 0.019	 0.018	-0.024	 0.021	 0.084	 0.058	 0.077	 0.066	 0.046	 0.038	 0.049	 0.045	  5711	  7035	  7248	  8386	  8386	   03:25
 344	 0.013	 0.011	 0.014	-0.003	-0.015	 0.025	 0.016	-0.002	 0.079	 0.085	 0.062	 0.075	 0.042	 0.036	 0.046	 0.050	  6626	  6177	  7770	  7841	  7841	   03:26
 345	 0.000	-0.010	 0.033	 0.004	-0.000	 0.014	 0.003	-0.010	 0.079	 0.086	 0.093	 0.084	 0.049	 0.043	 0.047	 0.043	  6785	  6531	  6769	  8251	  8251	   03:34
 346	 0.005	-0.007	 0.017	 0.024	-0.007	 0.003	-0.029	-0.043	 0.082	 0.096	 0.085	 0.089	 0.040	 0.043	 0.052	 0.049	  6699	  6418	  7866	  7336	  7866	   03:29
 347	-0.019	 0.044	 0.038	 0.020	-0.022	 0.013	-0.018	 0.008	 0.059	 0.084	 0.077	 0.072	 0.045	 0.045	 0.047	 0.045	  8736	  4794	  6852	  8010	  8736	   03:38
 348	-0.000	-0.032	 0.029	 0.001	-0.028	-0.019	 0.000	-0.024	 0.073	 0.079	 0.073	 0.093	 0.045	 0.036	 0.050	 0.048	  6350	  6999	  7481	  7611	  7611	   03:32
 349	-0.006	 0.015	-0.012	-0.019	 0.008	 0.001	 0.010	 0.035	 0.102	 0.093	 0.096	 0.067	 0.046	 0.053	 0.043	 0.042	  6698	  5975	  7015	  8630	  8630	   03:46
 350	 0.010	-0.009	 0.010	-0.053	 0.024	-0.004	-0.003	 0.015	 0.080	 0.069	 0.073	 0.085	 0.049	 0.037	 0.041	 0.052	  5926	  6798	  6914	  8718	  8718	   03:36
 351	-0.004	 0.013	-0.020	 0.011	-0.016	-0.030	 0.010	-0.006	 0.078	 0.070	 0.098	 0.092	 0.040	 0.050	 0.053	 0.044	  6746	  6192	  8120	  7244	  8120	   03:52
 352	-0.017	-0.007	-0.011	 0.003	-0.040	 0.021	 0.000	 0.016	 0.100	 0.074	 0.054	 0.077	 0.056	 0.048	 0.047	 0.039	  6244	  6763	  8447	  6792	  8447	   03:40
 353	-0.013	 0.010	 0.000	-0.023	 0.001	 0.002	 0.045	-0.003	 0.093	 0.063	 0.068	 0.081	 0.047	 0.043	 0.051	 0.047	  6163	  6286	  7781	  8012	  8012	   03:32
 354	 0.016	 0.009	 0.013	-0.030	-0.020	 0.022	-0.020	-0.005	 0.073	 0.085	 0.084	 0.097	 0.046	 0.058	 0.050	 0.047	  6792	  6237	  7002	  8075	  8075	   03:38
 355	 0.012	-0.001	 0.013	-0.035	 0.015	 0.008	 0.021	-0.013	 0.089	 0.091	 0.085	 0.091	 0.045	 0.047	 0.048	 0.050	  6209	  6296	  7062	  8615	  8615	   03:54
 356	-0.009	-0.002	-0.006	-0.021	-0.011	 0.007	-0.002	-0.001	 0.099	 0.075	 0.079	 0.080	 0.051	 0.041	 0.046	 0.043	  6128	  6629	  7539	  8008	  8008	   03:46
 357	 0.031	 0.008	 0.004	 0.004	 0.011	 0.029	-0.001	-0.021	 0.085	 0.067	 0.076	 0.088	 0.045	 0.042	 0.043	 0.039	  5675	  7233	  8112	  7449	  8112	   03:50
 358	 0.013	-0.006	-0.001	 0.007	 0.031	 0.015	-0.000	 0.006	 0.090	 0.070	 0.068	 0.069	 0.044	 0.042	 0.050	 0.044	  5678	  7074	  8033	  7539	  8033	   03:22
 359	 0.006	 0.011	-0.011	-0.027	-0.002	-0.011	-0.018	-0.015	 0.083	 0.082	 0.081	 0.087	 0.038	 0.043	 0.047	 0.045	  6488	  6087	  7740	  8065	  8065	   03:14
 360	 0.010	-0.008	-0.009	 0.016	-0.022	-0.013	-0.003	 0.000	 0.080	 0.078	 0.086	 0.099	 0.049	 0.044	 0.051	 0.048	  6267	  6854	  8346	  6788	  8346	   03:26
 361	-0.036	 0.020	-0.001	-0.003	-0.024	 0.016	 0.020	 0.001	 0.081	 0.088	 0.045	 0.072	 0.045	 0.042	 0.046	 0.041	  7692	  4976	  8374	  7307	  8374	   03:28
 362	-0.003	 0.000	 0.004	 0.010	 0.016	-0.025	 0.011	-0.009	 0.086	 0.084	 0.072	 0.065	 0.047	 0.036	 0.040	 0.043	  6401	  6160	  7929	  8019	  8019	   03:24
 363	-0.021	 0.040	 0.006	-0.004	-0.025	-0.004	-0.006	-0.000	 0.084	 0.079	 0.076	 0.085	 0.046	 0.037	 0.045	 0.044	  7657	  5254	  7686	  7824	  7824	   03:24
 364	 0.010	 0.001	-0.002	 0.005	 0.017	 0.019	 0.013	-0.036	 0.075	 0.074	 0.092	 0.080	 0.047	 0.043	 0.044	 0.053	  6322	  6531	  7584	  7804	  7804	   03:19
 365	-0.031	-0.021	 0.011	-0.011	-0.013	-0.014	-0.026	 0.001	 0.076	 0.082	 0.064	 0.086	 0.051	 0.037	 0.045	 0.046	  7082	  6220	  7603	  7519	  7603	   03:00
 366	 0.020	 0.016	 0.012	 0.025	 0.003	 0.009	 0.025	-0.004	 0.087	 0.070	 0.102	 0.076	 0.038	 0.050	 0.048	 0.055	  6217	  6831	  7287	  7888	  7888	   06:55
 367	-0.013	 0.002	 0.002	-0.017	 0.004	-0.014	 0.020	 0.029	 0.078	 0.076	 0.066	 0.089	 0.044	 0.046	 0.051	 0.052	  6806	  6082	  7798	  7582	  7798	   05:20
 368	 0.007	 0.015	-0.002	 0.019	-0.003	 0.007	 0.021	 0.013	 0.086	 0.080	 0.073	 0.069	 0.035	 0.038	 0.048	 0.046	  6556	  6297	  8140	  7514	  8140	   03:30
 369	-0.006	-0.004	 0.009	 0.018	-0.014	-0.028	 0.005	 0.018	 0.084	 0.087	 0.096	 0.095	 0.045	 0.042	 0.046	 0.043	  6911	  6439	  7680	  7505	  7680	   03:50
 370	 0.015	 0.022	-0.005	 0.043	 0.024	 0.031	 0.025	-0.023	 0.083	 0.078	 0.079	 0.081	 0.041	 0.048	 0.051	 0.049	  6435	  6332	  8704	  6742	  8704	   03:38
 371	-0.006	 0.024	-0.002	 0.035	-0.027	-0.007	 0.022	 0.005	 0.080	 0.102	 0.080	 0.060	 0.040	 0.044	 0.033	 0.050	  7641	  5277	  8005	  7607	  8005	   03:50
 372	-0.011	-0.027	 0.023	 0.006	-0.015	-0.020	-0.005	 0.001	 0.082	 0.092	 0.073	 0.067	 0.038	 0.044	 0.048	 0.046	  6654	  6508	  7182	  8118	  8118	   03:24
 373	 0.015	-0.010	 0.003	 0.036	-0.024	-0.022	 0.003	-0.010	 0.085	 0.067	 0.081	 0.073	 0.046	 0.044	 0.045	 0.042	  5773	  7306	  8181	  7180	  8181	   03:30
 374	 0.004	-0.011	-0.018	-0.010	 0.006	 0.015	 0.015	 0.007	 0.083	 0.084	 0.078	 0.090	 0.040	 0.042	 0.041	 0.043	  6286	  6646	  8198	  7317	  8198	   03:26
 375	-0.003	-0.045	-0.016	-0.032	-0.014	-0.020	 0.017	-0.016	 0.075	 0.073	 0.073	 0.064	 0.056	 0.050	 0.049	 0.049	  5538	  6917	  7350	  8246	  8246	   03:30
 376	 0.020	-0.025	-0.008	-0.010	 0.012	-0.001	 0.010	-0.016	 0.084	 0.094	 0.098	 0.091	 0.053	 0.045	 0.042	 0.050	  5817	  6880	  7605	  7890	  7890	   03:30
 377	 0.008	 0.001	 0.020	-0.005	 0.007	 0.024	 0.006	 0.016	 0.091	 0.072	 0.085	 0.070	 0.051	 0.047	 0.044	 0.048	  6155	  6919	  6802	  8349	  8349	   03:28
 378	 0.008	-0.000	-0.008	-0.004	 0.001	-0.002	 0.021	 0.008	 0.091	 0.063	 0.092	 0.082	 0.048	 0.049	 0.052	 0.046	  5780	  7037	  7576	  7781	  7781	   03:30
 379	 0.017	 0.004	 0.018	 0.003	 0.027	 0.013	-0.020	 0.008	 0.081	 0.082	 0.060	 0.068	 0.045	 0.043	 0.046	 0.048	  6305	  6511	  7712	  7834	  7834	   03:07
 380	-0.031	-0.011	-0.013	-0.014	 0.002	 0.018	 0.012	 0.026	 0.088	 0.096	 0.094	 0.100	 0.049	 0.047	 0.045	 0.044	  7333	  5960	  7566	  7461	  7566	   03:18
 381	 0.011	 0.005	-0.022	 0.019	-0.010	-0.008	 0.026	 0.016	 0.081	 0.076	 0.100	 0.076	 0.047	 0.046	 0.046	 0.043	  6378	  6568	  7965	  7444	  7965	   03:25
 382	 0.006	 0.007	 0.010	 0.003	-0.023	 0.006	-0.032	-0.003	 0.094	 0.086	 0.088	 0.061	 0.040	 0.045	 0.038	 0.043	  6526	  6532	  7009	  8446	  8446	   03:27
 383	 0.010	 0.015	-0.001	 0.002	 0.016	-0.018	-0.005	-0.032	 0.069	 0.082	 0.094	 0.090	 0.046	 0.049	 0.047	 0.044	  6821	  5826	  7767	  7836	  7836	   03:32
 384	 0.004	 0.004	-0.031	-0.033	-0.017	-0.012	 0.010	 0.012	 0.086	 0.082	 0.073	 0.081	 0.048	 0.040	 0.040	 0.040	  6221	  6183	  8177	  7868	  8177	   03:29
 385	-0.033	 0.030	 0.023	-0.021	 0.014	 0.001	 0.011	 0.008	 0.082	 0.076	 0.089	 0.079	 0.045	 0.045	 0.045	 0.041	  7781	  5228	  6534	  8834	  8834	   03:32
 386	-0.008	 0.005	-0.008	 0.024	-0.012	 0.017	-0.030	-0.012	 0.087	 0.095	 0.083	 0.083	 0.047	 0.043	 0.041	 0.041	  7068	  6136	  8240	  7037	  8240	   03:20
 387	-0.010	-0.039	-0.011	 0.017	 0.004	-0.021	 0.012	 0.033	 0.075	 0.074	 0.071	 0.050	 0.041	 0.046	 0.042	 0.041	  6170	  7070	  7725	  7564	  7725	   03:16
 388	-0.002	-0.001	-0.007	-0.021	 0.015	-0.005	-0.007	 0.007	 0.084	 0.081	 0.086	 0.067	 0.048	 0.039	 0.046	 0.045	  6442	  6219	  7163	  8530	  8530	   03:10
 389	 0.012	-0.010	 0.001	 0.011	-0.004	-0.022	-0.023	 0.010	 0.087	 0.078	 0.097	 0.076	 0.045	 0.049	 0.044	 0.040	  6065	  7038	  7437	  7898	  7898	   03:22
 390	 0.009	-0.026	 0.007	-0.015	-0.015	-0.016	 0.026	-0.005	 0.077	 0.071	 0.075	 0.059	 0.045	 0.045	 0.043	 0.042	  5754	  6976	  7084	  8553	  8553	   03:23
 391	-0.010	-0.018	 0.019	 0.008	 0.021	-0.005	 0.015	 0.000	 0.069	 0.084	 0.075	 0.080	 0.045	 0.045	 0.034	 0.047	  6904	  6338	  7490	  7744	  7744	   03:18
 392	 0.013	 0.048	-0.021	 0.023	-0.012	-0.011	 0.001	-0.021	 0.088	 0.076	 0.078	 0.079	 0.033	 0.045	 0.046	 0.051	  6682	  5743	  8858	  7115	  8858	   05:16
 393	 0.022	 0.005	-0.029	 0.005	 0.003	 0.018	-0.042	 0.012	 0.081	 0.085	 0.091	 0.086	 0.046	 0.052	 0.041	 0.046	  6378	  6717	  8208	  7027	  8208	   03:22
 394	-0.017	 0.003	 0.027	-0.006	 0.002	 0.004	-0.018	 0.048	 0.091	 0.086	 0.079	 0.086	 0.043	 0.044	 0.044	 0.040	  7181	  6344	  7034	  8080	  8080	   03:34
 395	 0.034	 0.032	 0.007	 0.009	-0.001	 0.019	-0.001	 0.005	 0.079	 0.087	 0.075	 0.074	 0.044	 0.049	 0.051	 0.048	  6545	  6039	  7813	  7779	  7813	   03:22
 396	 0.016	-0.015	 0.042	 0.008	 0.014	-0.018	-0.026	-0.015	 0.079	 0.072	 0.067	 0.074	 0.046	 0.046	 0.043	 0.045	  5923	  7146	  7254	  8078	  8078	   03:21
 397	 0.004	 0.011	 0.022	-0.017	-0.038	 0.005	 0.014	 0.040	 0.107	 0.089	 0.103	 0.077	 0.043	 0.034	 0.042	 0.046	  6649	  6620	  6341	  8998	  8998	   03:26
 398	 0.007	 0.007	 0.000	-0.002	-0.000	-0.017	-0.021	-0.016	 0.092	 0.081	 0.089	 0.090	 0.049	 0.048	 0.041	 0.047	  6254	  6509	  7780	  7738	  7780	   03:13
 399	 0.002	 0.004	 0.030	-0.023	-0.011	-0.003	 0.042	-0.011	 0.085	 0.084	 0.074	 0.075	 0.045	 0.045	 0.042	 0.059	  6525	  6065	  6838	  8783	  8783	   03:16
 400	 0.026	-0.006	 0.017	-0.023	-0.001	-0.021	 0.001	-0.023	 0.071	 0.087	 0.079	 0.088	 0.038	 0.039	 0.051	 0.045	  6204	  6419	  7354	  8442	  8442	   03:24
