 IND	  DX_1	  DX_2	  DX_3	  DX_4	  DY_1	  DY_2	  DY_3	  DY_4	  JEU1	  JEU2	  JEU3	  JEU4	  INT1	  INT2	  INT3	  INT4	    F1	    F2	    F3	    F4	   FIT	    TIME
   1	 0.016	 0.005	 0.015	-0.005	 0.026	-0.004	-0.021	-0.001	 0.071	 0.098	 0.091	 0.092	 0.047	 0.051	 0.043	 0.045	  6954	  5939	  7356	  8069	  8069	   03:04
   2	-0.031	 0.004	-0.000	-0.023	-0.001	-0.017	 0.028	 0.018	 0.098	 0.074	 0.074	 0.067	 0.043	 0.047	 0.049	 0.042	  6645	  6015	  7228	  8474	  8474	   03:47
   3	 0.023	-0.005	-0.008	 0.001	 0.034	 0.017	-0.017	-0.021	 0.088	 0.091	 0.084	 0.076	 0.044	 0.043	 0.050	 0.046	  5922	  6614	  7944	  7833	  7944	   03:35
   4	 0.016	 0.010	-0.013	 0.019	-0.010	-0.007	-0.018	 0.019	 0.080	 0.077	 0.086	 0.078	 0.042	 0.048	 0.050	 0.044	  6440	  6615	  8095	  7209	  8095	   03:39
   5	-0.014	 0.018	-0.007	-0.008	-0.037	 0.013	 0.004	 0.012	 0.089	 0.090	 0.071	 0.090	 0.046	 0.040	 0.041	 0.046	  7263	  5736	  8071	  7347	  8071	   03:43
   6	-0.023	-0.000	-0.017	-0.008	-0.021	-0.016	-0.017	-0.026	 0.082	 0.090	 0.071	 0.088	 0.053	 0.045	 0.044	 0.050	  7027	  5631	  8305	  7225	  8305	   03:48
   7	 0.005	-0.009	 0.011	-0.006	-0.026	 0.021	 0.028	 0.005	 0.095	 0.094	 0.075	 0.087	 0.046	 0.042	 0.047	 0.050	  6337	  6561	  7664	  7728	  7728	   03:49
   8	-0.035	-0.010	 0.003	 0.020	 0.015	-0.023	-0.021	 0.009	 0.086	 0.076	 0.069	 0.084	 0.042	 0.049	 0.040	 0.054	  7004	  6345	  8179	  6886	  8179	   03:45
   9	 0.007	-0.037	-0.037	-0.011	 0.011	 0.001	-0.028	 0.013	 0.077	 0.065	 0.080	 0.073	 0.047	 0.055	 0.038	 0.046	  5528	  7599	  8047	  7158	  8047	   03:59
  10	-0.008	 0.005	 0.013	-0.003	-0.035	-0.008	-0.011	 0.004	 0.085	 0.077	 0.083	 0.076	 0.051	 0.040	 0.051	 0.043	  6818	  6297	  7131	  8085	  8085	   04:57
  11	 0.001	-0.022	-0.026	 0.017	 0.006	-0.016	-0.004	 0.042	 0.085	 0.082	 0.097	 0.085	 0.043	 0.041	 0.052	 0.054	  6211	  7053	  8119	  7026	  8119	   03:54
  12	 0.029	 0.017	 0.019	 0.002	-0.023	-0.016	 0.004	 0.003	 0.092	 0.091	 0.090	 0.063	 0.043	 0.053	 0.055	 0.056	  6189	  6303	  6866	  8679	  8679	   04:13
  13	 0.013	 0.032	-0.015	-0.003	 0.015	-0.004	 0.004	 0.012	 0.095	 0.065	 0.071	 0.066	 0.045	 0.041	 0.041	 0.042	  6008	  6403	  8177	  7898	  8177	   04:10
  14	-0.002	-0.017	 0.016	 0.012	-0.019	-0.019	-0.004	-0.005	 0.086	 0.076	 0.074	 0.069	 0.042	 0.042	 0.040	 0.044	  6202	  6936	  7528	  7855	  7855	   04:04
  15	 0.025	-0.006	-0.004	 0.034	 0.024	 0.021	 0.015	-0.008	 0.058	 0.085	 0.071	 0.072	 0.039	 0.051	 0.047	 0.043	  6532	  6417	  8446	  6916	  8446	   04:00
  16	-0.016	 0.002	 0.012	 0.036	-0.034	-0.009	 0.023	-0.011	 0.104	 0.098	 0.065	 0.077	 0.045	 0.056	 0.045	 0.038	  6744	  6061	  8482	  7013	  8482	   04:01
  17	 0.019	-0.000	-0.006	 0.005	 0.019	 0.022	-0.019	 0.018	 0.091	 0.090	 0.085	 0.073	 0.045	 0.043	 0.043	 0.042	  6194	  6746	  7749	  7780	  7780	   04:02
  18	 0.017	 0.002	-0.015	-0.018	 0.011	 0.014	 0.003	 0.001	 0.085	 0.073	 0.073	 0.080	 0.037	 0.046	 0.037	 0.054	  5903	  6802	  7971	  7672	  7971	   03:50
  19	 0.032	 0.009	 0.009	 0.008	 0.008	 0.010	-0.012	-0.020	 0.102	 0.091	 0.064	 0.083	 0.044	 0.037	 0.044	 0.046	  5629	  6834	  8456	  7514	  8456	   04:11
  20	-0.005	-0.030	 0.018	-0.020	-0.010	 0.004	 0.003	 0.003	 0.084	 0.086	 0.100	 0.078	 0.047	 0.048	 0.039	 0.043	  6444	  6892	  6342	  8712	  8712	   04:02
  21	 0.021	-0.014	-0.001	-0.010	-0.024	 0.037	 0.003	 0.016	 0.092	 0.066	 0.093	 0.097	 0.049	 0.039	 0.045	 0.042	  5647	  7822	  7502	  7502	  7822	   04:11
  22	-0.002	-0.024	-0.005	 0.019	 0.009	-0.026	 0.000	-0.017	 0.062	 0.091	 0.088	 0.103	 0.039	 0.048	 0.047	 0.051	  6909	  6328	  8316	  6770	  8316	   03:59
  23	 0.022	-0.012	-0.012	 0.002	-0.011	-0.022	-0.026	-0.002	 0.092	 0.091	 0.085	 0.076	 0.036	 0.054	 0.047	 0.046	  5797	  6919	  7924	  7679	  7924	   04:00
  24	 0.003	-0.009	-0.005	-0.010	 0.030	-0.008	 0.008	-0.012	 0.073	 0.086	 0.091	 0.078	 0.045	 0.035	 0.048	 0.035	  6532	  6161	  7529	  8311	  8311	   03:50
  25	 0.015	 0.029	-0.008	-0.009	 0.000	 0.010	 0.004	-0.008	 0.086	 0.069	 0.074	 0.081	 0.048	 0.046	 0.048	 0.046	  6242	  6248	  8021	  7700	  8021	   04:00
  26	 0.001	 0.015	 0.020	-0.012	-0.019	 0.014	-0.018	 0.002	 0.059	 0.082	 0.085	 0.088	 0.049	 0.037	 0.039	 0.043	  7675	  5781	  6938	  8146	  8146	   04:04
  27	 0.005	-0.006	 0.006	 0.003	-0.005	 0.000	 0.009	 0.001	 0.085	 0.083	 0.081	 0.076	 0.036	 0.042	 0.048	 0.040	  6380	  6621	  7596	  7914	  7914	   04:00
  28	-0.021	-0.003	 0.003	-0.005	-0.015	-0.028	-0.028	-0.033	 0.091	 0.079	 0.083	 0.062	 0.040	 0.045	 0.042	 0.042	  6614	  6133	  7224	  8448	  8448	   03:59
  29	-0.013	-0.003	-0.003	-0.020	 0.009	-0.019	-0.017	-0.013	 0.076	 0.057	 0.074	 0.067	 0.048	 0.045	 0.038	 0.040	  6328	  6510	  7341	  8251	  8251	   03:47
  30	-0.008	 0.002	-0.013	-0.016	 0.019	-0.008	 0.006	-0.011	 0.075	 0.082	 0.067	 0.073	 0.038	 0.051	 0.051	 0.048	  6676	  5762	  7963	  7826	  7963	   03:46
  31	-0.001	 0.036	-0.006	-0.016	-0.004	-0.001	 0.013	 0.015	 0.091	 0.076	 0.076	 0.095	 0.048	 0.043	 0.047	 0.048	  6791	  5801	  8047	  7634	  8047	   04:08
  32	 0.027	 0.019	-0.015	 0.006	-0.017	-0.005	 0.029	 0.011	 0.079	 0.088	 0.074	 0.075	 0.047	 0.042	 0.043	 0.043	  6351	  6071	  8445	  7570	  8445	   04:26
  33	-0.039	 0.028	 0.009	 0.002	-0.045	-0.021	 0.000	 0.009	 0.086	 0.073	 0.090	 0.086	 0.046	 0.044	 0.032	 0.044	  7964	  5567	  7211	  7873	  7964	   04:04
  34	 0.002	 0.024	-0.001	 0.015	-0.006	-0.004	-0.000	-0.003	 0.088	 0.081	 0.090	 0.073	 0.050	 0.045	 0.048	 0.039	  6768	  5975	  7694	  7867	  7867	   03:46
  35	-0.014	-0.001	-0.007	-0.012	-0.017	 0.026	 0.001	-0.025	 0.084	 0.078	 0.080	 0.087	 0.046	 0.058	 0.046	 0.052	  6723	  6285	  7606	  7476	  7606	   03:44
  36	-0.007	 0.012	 0.008	 0.005	 0.004	 0.005	-0.012	 0.026	 0.083	 0.092	 0.092	 0.079	 0.047	 0.048	 0.041	 0.038	  7301	  5917	  7249	  8034	  8034	   03:44
  37	 0.018	 0.017	-0.009	 0.011	-0.020	-0.006	-0.014	 0.023	 0.081	 0.079	 0.084	 0.077	 0.046	 0.046	 0.052	 0.038	  6527	  6417	  7933	  7496	  7933	   04:01
  38	-0.006	 0.019	 0.028	-0.007	-0.003	 0.001	-0.022	-0.010	 0.081	 0.089	 0.087	 0.068	 0.037	 0.045	 0.044	 0.046	  7337	  5661	  6606	  8859	  8859	   04:17
  39	 0.011	 0.007	-0.008	-0.021	-0.003	-0.007	 0.023	-0.024	 0.081	 0.080	 0.080	 0.070	 0.045	 0.039	 0.045	 0.048	  6178	  6081	  7571	  8482	  8482	   04:06
  40	-0.018	-0.043	-0.001	-0.014	-0.025	 0.015	-0.032	-0.007	 0.075	 0.072	 0.085	 0.070	 0.042	 0.044	 0.047	 0.047	  6423	  7228	  6867	  7891	  7891	   03:38
  41	 0.012	-0.036	 0.039	-0.000	 0.018	-0.005	 0.012	 0.026	 0.093	 0.085	 0.076	 0.086	 0.046	 0.049	 0.048	 0.040	  5657	  7536	  7115	  8061	  8061	   04:08
  42	-0.000	-0.007	 0.012	-0.025	-0.009	 0.002	-0.014	-0.020	 0.069	 0.073	 0.082	 0.079	 0.050	 0.044	 0.046	 0.045	  6608	  6384	  6887	  8400	  8400	   03:44
  43	 0.019	 0.003	 0.011	-0.002	 0.007	 0.013	-0.007	-0.006	 0.062	 0.074	 0.089	 0.065	 0.046	 0.042	 0.049	 0.049	  6623	  6376	  6874	  8399	  8399	   03:49
  44	 0.015	 0.008	 0.024	 0.023	 0.022	-0.027	 0.007	-0.027	 0.085	 0.088	 0.081	 0.091	 0.044	 0.048	 0.045	 0.046	  6350	  6305	  8036	  7611	  8036	   03:43
  45	 0.016	-0.024	 0.026	 0.028	 0.008	 0.047	 0.019	-0.005	 0.073	 0.088	 0.073	 0.083	 0.044	 0.044	 0.042	 0.046	  6394	  7149	  7749	  7168	  7749	   03:42
  46	-0.010	 0.012	-0.022	 0.011	-0.019	 0.027	 0.004	-0.018	 0.092	 0.096	 0.077	 0.074	 0.045	 0.041	 0.048	 0.043	  6893	  5730	  8404	  7303	  8404	   03:44
  47	 0.010	 0.033	 0.014	-0.005	-0.022	 0.032	 0.002	 0.017	 0.075	 0.079	 0.065	 0.077	 0.049	 0.046	 0.047	 0.040	  7168	  5805	  7537	  7799	  7799	   03:51
  48	 0.012	 0.018	-0.018	 0.042	-0.020	 0.012	 0.008	-0.003	 0.067	 0.087	 0.072	 0.096	 0.040	 0.052	 0.048	 0.042	  7176	  5994	  9240	  5924	  9240	   03:44
  49	 0.008	 0.005	-0.008	-0.010	 0.012	-0.005	 0.027	 0.027	 0.069	 0.081	 0.081	 0.100	 0.047	 0.036	 0.042	 0.045	  6787	  6191	  8103	  7436	  8103	   03:42
  50	-0.025	-0.009	-0.002	 0.018	-0.005	-0.022	 0.004	 0.009	 0.082	 0.084	 0.072	 0.073	 0.045	 0.051	 0.048	 0.048	  6976	  6067	  7984	  7244	  7984	   03:38
  51	-0.009	-0.021	-0.032	 0.032	-0.008	-0.017	-0.008	 0.005	 0.080	 0.064	 0.059	 0.075	 0.041	 0.039	 0.050	 0.039	  5996	  7089	  9340	  6021	  9340	   03:41
  52	 0.024	-0.020	 0.021	-0.023	 0.014	-0.002	 0.009	 0.036	 0.075	 0.069	 0.095	 0.070	 0.044	 0.042	 0.045	 0.041	  5834	  7377	  6298	  8979	  8979	   03:52
  53	-0.033	 0.006	-0.008	 0.008	 0.020	-0.014	-0.000	-0.016	 0.088	 0.090	 0.073	 0.093	 0.044	 0.051	 0.035	 0.041	  7267	  5584	  8487	  7071	  8487	   03:41
  54	-0.012	-0.011	 0.007	 0.011	 0.004	-0.018	 0.014	 0.003	 0.068	 0.080	 0.075	 0.077	 0.055	 0.049	 0.040	 0.043	  6933	  6134	  7697	  7528	  7697	   03:36
  55	-0.020	 0.013	 0.004	 0.004	 0.028	-0.011	 0.007	-0.014	 0.100	 0.095	 0.091	 0.077	 0.045	 0.040	 0.050	 0.047	  6915	  5614	  7561	  8255	  8255	   03:40
  56	 0.014	 0.001	-0.013	-0.007	-0.011	 0.024	 0.016	 0.006	 0.084	 0.055	 0.093	 0.091	 0.047	 0.043	 0.040	 0.039	  5872	  7413	  7726	  7479	  7726	   03:56
  57	-0.001	-0.018	-0.005	-0.006	 0.021	 0.003	-0.029	 0.001	 0.061	 0.099	 0.090	 0.092	 0.045	 0.044	 0.042	 0.041	  7232	  6018	  7666	  7624	  7666	   03:44
  58	-0.013	 0.006	 0.015	 0.008	 0.009	 0.003	-0.010	-0.018	 0.087	 0.093	 0.070	 0.082	 0.045	 0.045	 0.047	 0.052	  6995	  5814	  7841	  7582	  7841	   03:45
  59	-0.004	 0.031	 0.025	-0.037	 0.022	-0.013	 0.038	-0.001	 0.067	 0.072	 0.078	 0.081	 0.042	 0.054	 0.053	 0.036	  7219	  5245	  6707	  9089	  9089	   03:47
  60	 0.020	-0.003	 0.012	 0.025	 0.011	-0.002	 0.002	 0.006	 0.084	 0.082	 0.085	 0.075	 0.043	 0.045	 0.057	 0.042	  6096	  6835	  7736	  7614	  7736	   03:37
  61	-0.009	-0.013	-0.047	-0.024	-0.013	-0.036	-0.014	-0.018	 0.065	 0.077	 0.086	 0.088	 0.053	 0.039	 0.047	 0.043	  6565	  6007	  8364	  7393	  8364	   03:41
  62	-0.052	 0.043	-0.019	-0.018	-0.018	 0.058	 0.023	 0.016	 0.065	 0.078	 0.068	 0.088	 0.049	 0.042	 0.049	 0.043	  8901	  4418	  7874	  7190	  8901	   04:48
  63	-0.010	 0.025	 0.008	 0.004	-0.005	-0.000	 0.001	 0.020	 0.086	 0.078	 0.087	 0.091	 0.042	 0.046	 0.047	 0.046	  7220	  5959	  7560	  7635	  7635	   03:44
  64	 0.005	-0.022	-0.014	 0.022	-0.015	 0.012	 0.029	 0.007	 0.091	 0.065	 0.079	 0.080	 0.050	 0.052	 0.041	 0.046	  5603	  7551	  8338	  6763	  8338	   03:44
  65	 0.008	-0.005	 0.001	 0.005	-0.013	-0.011	-0.014	 0.007	 0.073	 0.086	 0.095	 0.073	 0.044	 0.050	 0.053	 0.043	  6724	  6333	  7198	  8020	  8020	   03:34
  66	 0.016	-0.007	 0.008	-0.021	-0.015	 0.022	 0.014	-0.009	 0.078	 0.086	 0.080	 0.085	 0.043	 0.040	 0.045	 0.045	  6356	  6578	  7315	  8175	  8175	   03:57
  67	 0.017	 0.032	-0.006	-0.017	-0.009	-0.013	 0.004	 0.015	 0.077	 0.066	 0.084	 0.074	 0.050	 0.043	 0.042	 0.042	  6503	  6133	  7442	  8345	  8345	   03:39
  68	-0.015	 0.016	-0.018	 0.021	-0.010	 0.009	 0.005	-0.004	 0.077	 0.076	 0.061	 0.079	 0.042	 0.044	 0.045	 0.038	  7090	  5851	  8880	  6613	  8880	   03:41
  69	 0.008	 0.002	-0.010	-0.004	-0.007	-0.016	-0.010	 0.009	 0.077	 0.077	 0.082	 0.075	 0.047	 0.048	 0.044	 0.046	  6422	  6410	  7703	  7780	  7780	   03:40
  70	 0.008	 0.038	-0.009	-0.012	-0.006	-0.010	-0.009	-0.008	 0.081	 0.082	 0.102	 0.086	 0.045	 0.047	 0.048	 0.037	  7047	  5571	  7435	  8337	  8337	   03:52
  71	-0.004	-0.026	-0.013	 0.027	 0.010	 0.001	-0.038	 0.011	 0.091	 0.085	 0.083	 0.092	 0.044	 0.046	 0.042	 0.047	  6224	  7271	  8509	  6462	  8509	   03:41
  72	 0.014	 0.016	 0.004	 0.000	-0.005	 0.004	 0.009	 0.020	 0.080	 0.085	 0.076	 0.078	 0.045	 0.047	 0.045	 0.038	  6691	  6164	  7733	  7848	  7848	   03:17
  73	 0.015	-0.004	 0.023	 0.009	-0.006	 0.022	 0.006	-0.012	 0.099	 0.095	 0.089	 0.060	 0.047	 0.050	 0.041	 0.043	  6125	  6687	  6842	  8630	  8630	   03:25
  74	-0.006	-0.013	-0.005	 0.005	 0.001	 0.011	 0.005	-0.021	 0.084	 0.078	 0.075	 0.070	 0.054	 0.045	 0.044	 0.041	  6230	  6568	  7840	  7622	  7840	   03:11
  75	 0.004	 0.004	-0.003	 0.001	 0.019	 0.001	 0.031	 0.006	 0.090	 0.076	 0.069	 0.067	 0.046	 0.047	 0.049	 0.048	  6017	  6406	  7955	  7828	  7955	   03:23
  76	 0.000	 0.034	-0.013	-0.001	 0.002	-0.000	 0.010	 0.019	 0.081	 0.059	 0.074	 0.084	 0.046	 0.047	 0.042	 0.043	  6671	  6175	  8190	  7327	  8190	   03:15
  77	 0.008	 0.014	 0.004	-0.024	 0.006	 0.019	-0.007	 0.039	 0.060	 0.092	 0.086	 0.079	 0.041	 0.045	 0.052	 0.048	  7557	  5539	  6876	  8360	  8360	   03:27
  78	-0.012	 0.024	 0.013	-0.013	 0.033	-0.007	-0.021	 0.005	 0.068	 0.096	 0.076	 0.067	 0.051	 0.042	 0.043	 0.047	  7778	  4826	  7131	  8643	  8643	   03:23
  79	 0.011	-0.021	-0.001	-0.002	 0.003	-0.001	-0.014	-0.000	 0.069	 0.083	 0.095	 0.080	 0.041	 0.041	 0.045	 0.043	  6448	  6800	  7312	  7951	  7951	   03:17
  80	-0.019	 0.017	 0.015	 0.010	-0.028	-0.002	-0.006	 0.008	 0.082	 0.085	 0.075	 0.066	 0.043	 0.049	 0.043	 0.051	  7500	  5646	  7226	  7932	  7932	   03:21
  81	-0.009	 0.006	-0.001	 0.005	 0.014	-0.002	-0.026	-0.015	 0.079	 0.088	 0.078	 0.093	 0.040	 0.050	 0.046	 0.048	  7065	  5946	  8110	  7206	  8110	   03:29
  82	 0.021	-0.023	 0.001	-0.014	 0.001	 0.010	-0.024	 0.027	 0.082	 0.074	 0.086	 0.085	 0.045	 0.038	 0.043	 0.043	  5766	  7546	  7380	  7829	  7829	   03:23
  83	-0.006	 0.010	 0.019	-0.008	 0.025	-0.002	-0.017	 0.015	 0.073	 0.067	 0.075	 0.088	 0.047	 0.046	 0.038	 0.043	  6916	  6347	  7403	  7862	  7862	   03:11
  84	-0.003	 0.013	 0.007	-0.002	 0.016	 0.007	-0.003	-0.020	 0.081	 0.085	 0.092	 0.094	 0.045	 0.045	 0.056	 0.040	  6929	  5901	  7579	  7852	  7852	   03:39
  85	 0.022	 0.008	 0.009	 0.001	-0.038	 0.010	-0.001	 0.009	 0.090	 0.083	 0.081	 0.081	 0.045	 0.044	 0.042	 0.045	  6263	  6793	  7553	  7819	  7819	   03:19
  86	 0.034	-0.012	 0.007	 0.010	 0.014	-0.006	 0.018	-0.041	 0.083	 0.072	 0.084	 0.080	 0.049	 0.042	 0.046	 0.049	  5230	  7273	  7919	  7803	  7919	   03:21
  87	-0.022	-0.003	 0.002	 0.031	-0.012	-0.022	 0.014	 0.013	 0.068	 0.083	 0.086	 0.082	 0.050	 0.044	 0.048	 0.049	  7531	  5863	  7854	  7090	  7854	   03:25
  88	 0.037	 0.025	-0.003	 0.007	-0.025	-0.008	-0.036	-0.006	 0.090	 0.070	 0.099	 0.074	 0.041	 0.045	 0.038	 0.039	  5926	  7006	  7499	  8117	  8117	   03:21
  89	 0.023	-0.029	-0.023	-0.012	-0.003	-0.004	-0.004	-0.005	 0.078	 0.089	 0.094	 0.072	 0.042	 0.049	 0.047	 0.053	  5719	  6976	  7540	  7962	  7962	   03:15
  90	-0.003	-0.002	-0.003	-0.008	-0.018	-0.032	 0.015	 0.012	 0.085	 0.100	 0.088	 0.081	 0.049	 0.053	 0.046	 0.041	  6830	  5861	  7506	  8089	  8089	   03:21
  91	 0.030	 0.001	-0.008	 0.010	-0.030	-0.009	-0.010	-0.007	 0.075	 0.071	 0.099	 0.065	 0.040	 0.048	 0.041	 0.049	  6024	  7007	  7321	  8046	  8046	   03:27
  92	-0.007	 0.018	 0.006	 0.030	 0.001	-0.005	 0.026	-0.009	 0.080	 0.069	 0.077	 0.069	 0.050	 0.052	 0.046	 0.049	  6765	  6068	  7922	  7387	  7922	   03:25
  93	-0.008	-0.007	-0.017	-0.002	-0.018	-0.009	-0.014	-0.014	 0.076	 0.082	 0.080	 0.079	 0.046	 0.039	 0.047	 0.041	  6706	  6204	  8007	  7482	  8007	   03:19
  94	-0.009	-0.020	-0.007	-0.005	-0.020	 0.019	-0.007	 0.002	 0.083	 0.077	 0.066	 0.081	 0.045	 0.046	 0.051	 0.047	  6339	  6816	  7961	  7140	  7961	   03:21
  95	-0.011	-0.025	-0.003	 0.003	-0.007	 0.003	-0.044	-0.002	 0.077	 0.088	 0.083	 0.088	 0.042	 0.046	 0.047	 0.043	  6798	  6692	  7742	  7223	  7742	   03:13
  96	-0.024	-0.007	-0.009	 0.022	 0.019	 0.001	 0.009	 0.002	 0.094	 0.076	 0.088	 0.087	 0.044	 0.044	 0.047	 0.049	  6597	  6587	  8143	  6990	  8143	   03:31
  97	-0.003	 0.006	 0.005	-0.045	-0.011	 0.002	 0.021	 0.000	 0.080	 0.079	 0.088	 0.085	 0.047	 0.044	 0.044	 0.051	  6728	  6022	  6713	  8788	  8788	   03:19
  98	-0.025	-0.008	-0.001	-0.008	 0.013	-0.039	 0.008	-0.009	 0.082	 0.077	 0.062	 0.081	 0.043	 0.044	 0.048	 0.044	  6615	  6009	  8151	  7599	  8151	   03:11
  99	-0.011	-0.003	 0.006	 0.001	-0.014	-0.016	 0.005	 0.037	 0.089	 0.089	 0.074	 0.071	 0.041	 0.046	 0.044	 0.045	  6835	  6259	  7487	  7900	  7900	   03:09
 100	 0.012	 0.002	-0.016	 0.025	 0.015	 0.021	-0.027	 0.004	 0.083	 0.068	 0.092	 0.069	 0.047	 0.045	 0.039	 0.045	  6180	  7089	  7940	  7251	  7940	   03:23
 101	 0.009	-0.017	 0.000	 0.001	-0.010	 0.003	 0.036	 0.014	 0.077	 0.056	 0.076	 0.065	 0.050	 0.041	 0.041	 0.038	  5736	  7323	  7524	  7869	  7869	   03:15
 102	-0.004	 0.000	-0.013	 0.020	-0.016	 0.017	-0.031	-0.022	 0.079	 0.085	 0.076	 0.080	 0.046	 0.047	 0.042	 0.042	  6827	  6351	  8336	  6860	  8336	   03:19
 103	 0.028	-0.007	 0.017	-0.018	 0.014	-0.024	 0.002	 0.007	 0.076	 0.067	 0.090	 0.074	 0.043	 0.046	 0.042	 0.044	  5728	  7119	  6809	  8755	  8755	   03:19
 104	 0.009	 0.009	 0.007	-0.016	 0.004	 0.032	 0.014	 0.026	 0.097	 0.087	 0.085	 0.072	 0.047	 0.047	 0.053	 0.040	  6359	  6432	  7000	  8447	  8447	   03:23
 105	-0.009	-0.013	-0.021	-0.004	 0.014	 0.018	 0.006	 0.019	 0.065	 0.091	 0.066	 0.065	 0.045	 0.043	 0.048	 0.038	  7028	  5838	  8037	  7487	  8037	   03:23
 106	 0.005	 0.009	-0.000	-0.028	-0.016	 0.006	-0.009	-0.011	 0.080	 0.075	 0.085	 0.079	 0.038	 0.044	 0.039	 0.047	  6579	  6330	  7095	  8414	  8414	   03:11
 107	-0.010	 0.053	 0.008	 0.010	-0.004	-0.009	-0.013	-0.019	 0.086	 0.078	 0.067	 0.071	 0.037	 0.042	 0.049	 0.048	  7397	  5107	  8020	  7873	  8020	   03:15
 108	 0.001	-0.012	 0.000	 0.013	 0.005	-0.010	-0.019	 0.006	 0.074	 0.111	 0.070	 0.075	 0.035	 0.044	 0.039	 0.043	  7140	  5880	  8125	  7460	  8125	   03:33
 109	 0.000	 0.002	-0.009	-0.022	-0.016	 0.014	-0.014	 0.025	 0.087	 0.083	 0.082	 0.076	 0.051	 0.044	 0.044	 0.050	  6572	  6371	  7280	  8036	  8036	   03:11
 110	 0.024	-0.008	-0.014	-0.016	-0.002	-0.022	 0.027	-0.002	 0.079	 0.071	 0.089	 0.065	 0.041	 0.049	 0.041	 0.049	  5604	  6877	  7411	  8436	  8436	   03:23
 111	-0.011	-0.015	 0.023	 0.029	-0.007	-0.010	 0.002	-0.007	 0.084	 0.061	 0.083	 0.094	 0.047	 0.046	 0.046	 0.047	  6317	  7291	  7762	  7004	  7762	   03:17
 112	 0.003	-0.004	 0.010	-0.009	-0.008	 0.025	-0.012	-0.012	 0.102	 0.086	 0.083	 0.097	 0.042	 0.040	 0.037	 0.053	  6189	  6955	  7642	  7664	  7664	   03:23
 113	 0.038	-0.008	-0.015	-0.007	 0.013	 0.017	 0.020	 0.012	 0.076	 0.086	 0.086	 0.084	 0.037	 0.044	 0.045	 0.045	  5823	  6949	  7983	  7681	  7983	   03:25
 114	-0.004	-0.002	 0.009	-0.025	-0.008	 0.005	-0.012	 0.014	 0.065	 0.081	 0.066	 0.080	 0.041	 0.042	 0.044	 0.043	  7106	  6029	  7294	  8030	  8030	   03:23
 115	-0.011	 0.007	 0.012	-0.020	 0.012	 0.004	-0.032	-0.023	 0.092	 0.072	 0.072	 0.080	 0.047	 0.041	 0.047	 0.042	  6448	  6374	  7384	  8170	  8170	   03:09
 116	 0.013	 0.022	-0.005	-0.009	 0.007	 0.010	-0.024	-0.013	 0.087	 0.062	 0.077	 0.059	 0.043	 0.047	 0.046	 0.045	  6076	  6544	  7403	  8286	  8286	   03:17
 117	-0.024	 0.012	-0.022	 0.004	 0.028	 0.033	-0.006	-0.021	 0.086	 0.106	 0.087	 0.075	 0.050	 0.046	 0.042	 0.047	  7486	  5088	  8017	  7673	  8017	   03:25
 118	 0.026	-0.007	 0.021	 0.032	-0.011	 0.002	 0.001	-0.009	 0.094	 0.079	 0.076	 0.078	 0.039	 0.039	 0.046	 0.039	  5675	  7391	  8060	  7418	  8060	   03:29
 119	 0.004	-0.010	-0.003	-0.011	-0.013	-0.010	 0.002	-0.003	 0.093	 0.075	 0.066	 0.083	 0.050	 0.043	 0.039	 0.042	  5784	  6907	  8113	  7565	  8113	   03:09
 120	 0.009	 0.024	 0.026	-0.021	-0.011	-0.003	 0.025	 0.005	 0.072	 0.081	 0.071	 0.075	 0.051	 0.046	 0.052	 0.044	  6967	  5600	  6958	  8665	  8665	   03:27
 121	 0.006	-0.017	-0.012	 0.002	 0.001	-0.020	-0.001	-0.015	 0.071	 0.087	 0.086	 0.102	 0.041	 0.047	 0.047	 0.039	  6490	  6524	  8334	  7096	  8334	   03:21
 122	 0.010	-0.017	-0.033	-0.008	 0.023	 0.044	 0.009	 0.005	 0.077	 0.081	 0.091	 0.082	 0.039	 0.045	 0.051	 0.036	  6152	  6863	  8008	  7378	  8008	   03:23
 123	 0.026	 0.032	 0.020	 0.003	-0.019	 0.017	-0.001	-0.031	 0.080	 0.072	 0.087	 0.088	 0.048	 0.040	 0.046	 0.050	  6513	  6375	  7411	  7982	  7982	   03:21
 124	 0.016	-0.006	-0.008	-0.015	 0.025	-0.009	 0.014	-0.003	 0.069	 0.090	 0.077	 0.087	 0.044	 0.042	 0.051	 0.051	  6384	  6103	  7971	  7782	  7971	   03:19
 125	-0.014	 0.010	 0.047	-0.016	-0.003	-0.001	-0.020	 0.017	 0.075	 0.087	 0.075	 0.089	 0.043	 0.045	 0.046	 0.041	  7606	  5791	  6590	  8482	  8482	   03:25
 126	 0.029	 0.016	-0.005	-0.011	-0.006	-0.036	 0.016	-0.019	 0.099	 0.092	 0.081	 0.088	 0.050	 0.046	 0.047	 0.044	  5689	  6268	  8243	  8050	  8243	   03:25
 127	-0.005	-0.004	-0.015	 0.001	 0.000	-0.009	 0.019	 0.008	 0.087	 0.082	 0.089	 0.090	 0.049	 0.047	 0.045	 0.051	  6449	  6415	  8005	  7352	  8005	   03:19
 128	-0.002	 0.026	 0.007	 0.025	-0.024	-0.015	-0.006	 0.020	 0.074	 0.086	 0.079	 0.093	 0.051	 0.046	 0.037	 0.037	  7549	  5763	  8175	  7073	  8175	   03:25
 129	 0.009	 0.001	 0.004	-0.010	-0.002	 0.014	-0.007	 0.010	 0.092	 0.082	 0.069	 0.083	 0.045	 0.047	 0.040	 0.051	  6182	  6706	  7782	  7622	  7782	   03:23
 130	-0.001	 0.011	-0.005	 0.004	-0.001	-0.011	 0.015	 0.029	 0.093	 0.066	 0.079	 0.069	 0.041	 0.046	 0.043	 0.039	  6236	  6722	  7744	  7850	  7850	   03:17
 131	 0.009	 0.011	-0.026	-0.009	-0.040	 0.013	 0.035	 0.012	 0.060	 0.081	 0.083	 0.093	 0.040	 0.044	 0.046	 0.048	  7269	  5893	  8176	  7109	  8176	   03:21
 132	-0.019	 0.011	-0.002	-0.036	 0.012	 0.023	-0.024	 0.007	 0.066	 0.079	 0.082	 0.078	 0.045	 0.046	 0.044	 0.043	  7565	  5504	  6878	  8429	  8429	   03:21
 133	-0.008	-0.013	 0.002	 0.010	-0.009	-0.002	 0.006	 0.028	 0.075	 0.078	 0.079	 0.088	 0.043	 0.048	 0.037	 0.044	  6863	  6701	  7804	  7183	  7804	   03:17
 134	 0.013	 0.026	-0.022	 0.030	-0.012	 0.004	 0.003	-0.010	 0.077	 0.095	 0.066	 0.095	 0.046	 0.044	 0.043	 0.044	  6975	  5686	  9475	  6208	  9475	   03:25
 135	-0.031	-0.011	 0.011	 0.016	 0.025	-0.021	 0.012	 0.003	 0.066	 0.080	 0.075	 0.087	 0.049	 0.043	 0.045	 0.042	  7407	  5850	  7884	  7317	  7884	   03:23
 136	-0.017	-0.010	-0.011	 0.026	 0.003	-0.033	 0.015	 0.003	 0.081	 0.076	 0.091	 0.064	 0.041	 0.043	 0.049	 0.050	  6646	  6350	  7782	  7595	  7782	   03:16
 137	-0.033	-0.028	 0.000	 0.021	-0.031	 0.000	 0.017	 0.030	 0.067	 0.071	 0.078	 0.079	 0.044	 0.050	 0.049	 0.053	  7394	  6619	  7537	  6842	  7537	   03:27
 138	 0.009	-0.009	-0.031	-0.005	 0.001	 0.019	-0.022	 0.005	 0.088	 0.083	 0.080	 0.105	 0.037	 0.047	 0.049	 0.046	  6123	  6967	  8724	  6538	  8724	   03:17
 139	-0.023	 0.011	-0.023	-0.049	-0.003	 0.007	-0.008	 0.005	 0.079	 0.084	 0.076	 0.091	 0.048	 0.045	 0.046	 0.046	  7217	  5420	  7603	  8027	  8027	   03:19
 140	-0.008	 0.001	 0.009	 0.008	 0.013	 0.021	-0.015	-0.028	 0.063	 0.095	 0.098	 0.098	 0.046	 0.041	 0.048	 0.045	  7613	  5714	  7496	  7603	  7613	   03:23
 141	 0.004	-0.008	-0.002	-0.026	 0.023	 0.030	-0.023	-0.008	 0.063	 0.073	 0.075	 0.091	 0.042	 0.048	 0.048	 0.046	  6673	  6490	  7534	  7649	  7649	   03:15
 142	-0.002	 0.014	-0.029	-0.022	 0.039	 0.018	 0.001	-0.018	 0.079	 0.079	 0.088	 0.085	 0.042	 0.046	 0.047	 0.051	  6652	  5799	  7970	  7842	  7970	   03:19
 143	 0.020	-0.005	-0.006	-0.027	-0.006	 0.009	-0.000	-0.030	 0.062	 0.073	 0.073	 0.078	 0.043	 0.038	 0.044	 0.049	  6224	  6455	  7573	  8094	  8094	   03:14
 144	 0.028	 0.006	 0.030	 0.009	 0.018	-0.024	-0.003	 0.011	 0.077	 0.093	 0.082	 0.086	 0.052	 0.038	 0.048	 0.045	  6435	  6343	  7476	  8125	  8125	   03:17
 145	 0.007	-0.012	-0.018	-0.025	-0.013	-0.017	 0.011	 0.011	 0.084	 0.074	 0.096	 0.069	 0.046	 0.040	 0.049	 0.047	  5941	  6745	  7115	  8519	  8519	   03:23
 146	-0.001	 0.015	-0.006	 0.007	 0.003	 0.004	-0.001	-0.022	 0.084	 0.071	 0.091	 0.055	 0.038	 0.047	 0.044	 0.043	  6537	  6220	  7270	  8388	  8388	   03:17
 147	 0.003	 0.030	 0.018	 0.024	-0.026	-0.003	 0.008	-0.011	 0.069	 0.080	 0.097	 0.079	 0.047	 0.041	 0.044	 0.049	  7567	  5700	  7218	  7919	  7919	   03:25
 148	 0.002	 0.012	-0.008	-0.018	 0.007	-0.000	 0.021	 0.028	 0.077	 0.088	 0.078	 0.069	 0.052	 0.038	 0.040	 0.047	  6873	  5747	  7443	  8308	  8308	   03:17
 149	-0.019	 0.000	 0.013	 0.006	-0.008	-0.023	 0.010	 0.006	 0.074	 0.074	 0.071	 0.095	 0.048	 0.044	 0.053	 0.042	  7073	  6089	  7927	  7244	  7927	   03:19
 150	 0.019	-0.008	-0.021	 0.021	 0.016	 0.035	-0.006	 0.002	 0.094	 0.099	 0.054	 0.075	 0.043	 0.046	 0.045	 0.047	  5902	  6682	  9212	  6498	  9212	   03:27
 151	 0.015	-0.005	 0.028	 0.004	 0.006	 0.018	-0.009	-0.024	 0.081	 0.098	 0.077	 0.096	 0.047	 0.046	 0.044	 0.049	  6578	  6426	  7613	  7649	  7649	   03:15
 152	-0.003	-0.034	 0.014	 0.009	-0.011	-0.001	-0.005	-0.002	 0.094	 0.063	 0.082	 0.071	 0.037	 0.042	 0.046	 0.040	  5577	  7832	  7330	  7826	  7832	   03:21
 153	 0.001	-0.016	 0.009	-0.022	 0.012	 0.022	-0.016	-0.006	 0.071	 0.058	 0.078	 0.071	 0.047	 0.049	 0.044	 0.046	  6135	  7094	  6860	  8211	  8211	   03:25
 154	-0.018	-0.009	-0.027	-0.012	 0.000	-0.005	 0.014	 0.018	 0.082	 0.094	 0.071	 0.082	 0.043	 0.045	 0.044	 0.048	  6879	  5862	  8305	  7297	  8305	   03:19
 155	 0.012	-0.034	-0.005	 0.012	-0.007	-0.014	-0.003	 0.014	 0.080	 0.074	 0.072	 0.094	 0.044	 0.045	 0.046	 0.040	  5682	  7576	  8458	  6736	  8458	   03:15
 156	 0.010	-0.007	-0.010	 0.045	-0.004	-0.027	 0.000	-0.028	 0.088	 0.057	 0.084	 0.057	 0.050	 0.048	 0.042	 0.046	  5447	  7304	  8287	  7215	  8287	   03:23
 157	-0.028	 0.001	 0.001	 0.029	 0.008	 0.012	 0.023	-0.003	 0.088	 0.080	 0.077	 0.085	 0.053	 0.037	 0.041	 0.054	  7055	  6134	  8245	  6856	  8245	   03:25
 158	 0.001	 0.013	 0.010	-0.017	-0.017	-0.002	 0.006	-0.007	 0.072	 0.082	 0.073	 0.086	 0.048	 0.046	 0.036	 0.047	  7038	  5849	  7475	  7986	  7986	   03:21
 159	-0.006	 0.007	 0.054	-0.014	 0.009	 0.010	-0.012	-0.016	 0.089	 0.064	 0.071	 0.085	 0.044	 0.041	 0.041	 0.042	  6497	  6803	  6658	  8564	  8564	   03:29
 160	 0.021	 0.008	-0.015	-0.016	-0.010	-0.026	-0.005	 0.001	 0.083	 0.086	 0.089	 0.083	 0.038	 0.041	 0.037	 0.050	  6248	  6391	  7806	  8085	  8085	   03:31
 161	 0.011	-0.019	 0.025	-0.008	 0.041	-0.017	-0.002	-0.003	 0.085	 0.093	 0.073	 0.052	 0.050	 0.045	 0.047	 0.044	  6014	  6415	  6856	  9025	  9025	   03:21
 162	-0.036	 0.003	-0.032	-0.003	 0.015	-0.028	 0.001	-0.004	 0.087	 0.071	 0.087	 0.066	 0.042	 0.035	 0.049	 0.044	  6840	  5822	  7964	  7839	  7964	   03:23
 163	 0.020	 0.027	 0.026	 0.003	 0.000	 0.027	 0.001	 0.013	 0.076	 0.075	 0.084	 0.081	 0.046	 0.043	 0.047	 0.044	  6850	  6332	  7080	  8125	  8125	   03:23
 164	 0.025	 0.021	-0.002	 0.008	 0.017	-0.012	 0.001	-0.010	 0.091	 0.079	 0.063	 0.074	 0.042	 0.045	 0.054	 0.047	  5851	  6343	  8513	  7528	  8513	   03:27
 165	-0.017	-0.004	 0.002	-0.000	 0.019	-0.006	-0.001	 0.007	 0.075	 0.069	 0.080	 0.070	 0.052	 0.045	 0.049	 0.043	  6750	  6257	  7370	  7906	  7906	   03:15
 166	-0.024	-0.019	 0.005	-0.021	-0.002	-0.019	-0.023	-0.035	 0.090	 0.077	 0.074	 0.080	 0.047	 0.038	 0.042	 0.049	  6345	  6470	  7449	  8092	  8092	   03:11
 167	-0.010	 0.020	 0.008	-0.002	 0.013	 0.031	-0.012	-0.024	 0.070	 0.092	 0.085	 0.096	 0.053	 0.038	 0.043	 0.050	  7654	  5380	  7642	  7633	  7654	   03:17
 168	 0.013	-0.018	 0.007	-0.021	 0.001	 0.009	 0.007	 0.016	 0.076	 0.076	 0.088	 0.074	 0.046	 0.049	 0.036	 0.050	  6152	  6997	  6776	  8402	  8402	   03:23
 169	-0.015	 0.016	 0.005	 0.003	-0.011	-0.011	-0.004	 0.004	 0.120	 0.072	 0.069	 0.072	 0.042	 0.043	 0.046	 0.049	  5997	  6653	  7922	  7806	  7922	   03:26
 170	-0.017	 0.024	-0.002	-0.009	 0.037	 0.008	 0.009	-0.008	 0.076	 0.085	 0.094	 0.085	 0.044	 0.043	 0.047	 0.049	  7476	  5219	  7415	  8186	  8186	   03:42
 171	 0.006	-0.003	 0.022	-0.017	 0.001	 0.014	 0.039	-0.009	 0.070	 0.084	 0.073	 0.084	 0.043	 0.045	 0.044	 0.050	  6735	  6124	  7211	  8229	  8229	   03:38
 172	-0.045	 0.030	 0.013	-0.026	-0.013	 0.027	 0.029	-0.009	 0.066	 0.089	 0.082	 0.070	 0.045	 0.043	 0.045	 0.045	  8669	  4292	  6534	  8820	  8820	   03:52
 173	 0.007	 0.013	 0.018	-0.001	-0.001	-0.004	-0.002	-0.037	 0.079	 0.076	 0.096	 0.090	 0.044	 0.044	 0.039	 0.045	  6680	  6332	  7222	  8202	  8202	   03:48
 174	 0.005	-0.005	 0.035	-0.014	-0.019	-0.013	 0.007	-0.010	 0.089	 0.068	 0.089	 0.061	 0.039	 0.048	 0.044	 0.049	  6092	  6907	  6133	  9181	  9181	   03:44
 175	 0.017	-0.011	 0.015	 0.005	-0.028	 0.000	-0.044	-0.000	 0.083	 0.074	 0.092	 0.072	 0.044	 0.052	 0.050	 0.041	  6095	  7258	  6939	  8043	  8043	   03:57
 176	-0.018	-0.015	-0.000	 0.012	 0.004	-0.008	 0.009	-0.023	 0.073	 0.075	 0.072	 0.079	 0.042	 0.044	 0.051	 0.043	  6705	  6325	  8032	  7259	  8032	   03:42
 177	-0.000	-0.008	 0.005	-0.005	-0.010	 0.004	 0.031	 0.003	 0.076	 0.075	 0.082	 0.085	 0.040	 0.045	 0.043	 0.048	  6564	  6599	  7507	  7761	  7761	   03:29
 178	-0.037	-0.010	-0.002	 0.017	-0.004	 0.005	 0.019	 0.000	 0.069	 0.073	 0.079	 0.068	 0.040	 0.043	 0.040	 0.045	  7508	  6013	  7552	  7418	  7552	   03:46
 179	-0.006	 0.010	 0.016	-0.002	 0.003	 0.025	-0.025	 0.011	 0.089	 0.062	 0.084	 0.068	 0.042	 0.041	 0.051	 0.042	  6533	  6813	  6915	  8213	  8213	   03:46
 180	-0.012	 0.014	 0.035	 0.014	 0.008	-0.021	 0.020	 0.003	 0.082	 0.086	 0.087	 0.073	 0.050	 0.045	 0.053	 0.053	  7205	  5676	  6861	  8399	  8399	   04:39
 181	 0.003	 0.001	-0.004	 0.014	-0.007	-0.010	-0.015	 0.022	 0.071	 0.084	 0.075	 0.105	 0.043	 0.042	 0.043	 0.042	  6995	  6403	  8539	  6644	  8539	   03:51
 182	-0.020	 0.020	 0.016	-0.004	-0.012	 0.005	-0.013	-0.001	 0.063	 0.072	 0.072	 0.089	 0.039	 0.049	 0.051	 0.047	  7806	  5560	  7406	  7547	  7806	   03:41
 183	 0.001	 0.008	-0.007	-0.022	 0.017	-0.012	 0.010	 0.014	 0.076	 0.099	 0.071	 0.071	 0.049	 0.044	 0.052	 0.048	  6905	  5401	  7626	  8278	  8278	   03:45
 184	-0.027	-0.007	-0.015	-0.011	 0.005	 0.016	-0.008	 0.002	 0.087	 0.081	 0.070	 0.079	 0.049	 0.047	 0.043	 0.047	  6821	  6134	  7933	  7379	  7933	   03:39
 185	-0.021	 0.015	-0.008	 0.024	-0.041	-0.008	-0.010	-0.007	 0.085	 0.068	 0.086	 0.095	 0.046	 0.052	 0.046	 0.042	  7168	  6310	  8206	  6661	  8206	   03:53
 186	 0.002	 0.012	 0.017	-0.009	 0.005	-0.015	 0.011	 0.006	 0.088	 0.092	 0.088	 0.089	 0.040	 0.047	 0.045	 0.050	  6837	  5987	  7248	  8251	  8251	   03:43
 187	-0.027	 0.047	-0.016	 0.016	-0.024	-0.013	 0.012	 0.001	 0.066	 0.069	 0.077	 0.076	 0.036	 0.048	 0.042	 0.049	  8149	  4906	  8173	  7192	  8173	   03:39
 188	-0.002	 0.029	 0.001	 0.018	 0.005	 0.018	-0.009	 0.013	 0.089	 0.077	 0.095	 0.073	 0.045	 0.053	 0.047	 0.046	  6996	  6075	  7409	  7750	  7750	   03:45
 189	-0.019	 0.008	-0.011	-0.013	-0.001	-0.003	 0.013	 0.001	 0.086	 0.087	 0.092	 0.098	 0.041	 0.046	 0.044	 0.049	  7141	  5837	  7744	  7655	  7744	   03:39
 190	-0.013	 0.017	 0.015	-0.001	 0.003	 0.041	-0.029	-0.031	 0.078	 0.097	 0.084	 0.084	 0.059	 0.050	 0.043	 0.046	  7555	  5453	  7248	  7930	  7930	   03:46
 191	 0.017	-0.021	-0.021	 0.013	 0.020	-0.008	 0.008	 0.007	 0.091	 0.075	 0.077	 0.081	 0.043	 0.051	 0.050	 0.046	  5340	  7377	  8579	  6939	  8579	   03:33
 192	 0.006	 0.034	 0.004	-0.004	-0.042	-0.024	-0.005	-0.021	 0.079	 0.073	 0.073	 0.087	 0.039	 0.052	 0.047	 0.044	  6915	  5802	  7949	  7646	  7949	   03:47
 193	-0.021	 0.002	 0.023	 0.007	-0.001	-0.013	 0.024	-0.037	 0.089	 0.087	 0.079	 0.077	 0.042	 0.037	 0.042	 0.040	  6935	  5857	  7491	  8250	  8250	   03:48
 194	-0.024	-0.021	 0.010	 0.004	 0.008	 0.009	 0.052	 0.011	 0.075	 0.060	 0.085	 0.077	 0.042	 0.048	 0.044	 0.050	  6657	  6843	  7139	  7708	  7708	   03:46
 195	 0.018	-0.006	 0.011	 0.017	-0.015	 0.017	 0.010	-0.013	 0.087	 0.085	 0.077	 0.108	 0.048	 0.044	 0.041	 0.044	  6174	  7056	  8422	  6767	  8422	   04:07
 196	-0.015	-0.013	 0.013	-0.032	-0.011	-0.003	-0.025	-0.025	 0.073	 0.100	 0.093	 0.073	 0.040	 0.050	 0.050	 0.039	  7283	  5624	  6387	  9044	  9044	   03:50
 197	-0.008	 0.019	 0.024	 0.010	-0.017	 0.015	-0.002	-0.004	 0.084	 0.066	 0.085	 0.082	 0.049	 0.050	 0.056	 0.047	  6915	  6345	  7100	  7775	  7775	   03:44
 198	 0.013	-0.020	 0.020	-0.006	-0.012	 0.019	 0.011	 0.032	 0.072	 0.085	 0.065	 0.079	 0.046	 0.045	 0.042	 0.046	  6475	  6854	  7347	  7707	  7707	   03:36
 199	-0.017	-0.005	 0.001	-0.015	-0.016	-0.014	-0.016	-0.008	 0.080	 0.083	 0.067	 0.085	 0.040	 0.042	 0.055	 0.041	  6858	  6025	  7821	  7659	  7821	   03:40
 200	 0.018	 0.011	 0.014	-0.003	-0.023	-0.011	-0.002	-0.048	 0.082	 0.055	 0.098	 0.091	 0.044	 0.043	 0.045	 0.046	  5911	  7106	  7269	  8104	  8104	   04:03
 201	 0.004	 0.017	-0.021	-0.012	 0.023	 0.017	-0.023	-0.018	 0.079	 0.081	 0.067	 0.083	 0.043	 0.044	 0.043	 0.047	  6647	  5910	  8446	  7359	  8446	   03:31
 202	-0.001	 0.003	 0.019	 0.009	-0.015	-0.011	-0.001	 0.006	 0.088	 0.073	 0.079	 0.078	 0.047	 0.041	 0.049	 0.052	  6434	  6630	  7406	  7811	  7811	   03:35
 203	-0.012	-0.006	-0.024	 0.023	 0.006	 0.011	-0.024	 0.008	 0.077	 0.082	 0.074	 0.079	 0.039	 0.043	 0.039	 0.046	  6929	  6411	  8611	  6570	  8611	   03:44
 204	 0.011	 0.001	 0.005	-0.034	 0.010	-0.018	 0.001	 0.002	 0.096	 0.081	 0.097	 0.074	 0.049	 0.043	 0.043	 0.042	  5940	  6582	  6686	  9140	  9140	   03:48
 205	-0.013	 0.019	 0.014	-0.015	 0.019	 0.006	-0.005	 0.015	 0.082	 0.067	 0.078	 0.087	 0.038	 0.049	 0.041	 0.044	  7006	  6182	  7276	  8027	  8027	   03:39
 206	 0.006	-0.002	-0.004	 0.004	 0.003	-0.018	 0.010	-0.007	 0.094	 0.071	 0.067	 0.079	 0.053	 0.043	 0.039	 0.046	  5697	  6837	  8364	  7413	  8364	   03:43
 207	-0.016	-0.008	-0.019	-0.001	 0.005	 0.017	 0.012	-0.028	 0.072	 0.070	 0.086	 0.095	 0.044	 0.045	 0.046	 0.041	  6770	  6434	  8125	  7039	  8125	   03:38
 208	-0.010	 0.014	 0.005	-0.023	-0.008	 0.006	-0.041	 0.019	 0.083	 0.091	 0.085	 0.072	 0.040	 0.046	 0.046	 0.049	  7320	  5722	  6828	  8514	  8514	   03:43
 209	-0.001	 0.003	-0.034	 0.026	 0.012	-0.020	 0.003	 0.022	 0.072	 0.097	 0.076	 0.078	 0.041	 0.048	 0.050	 0.044	  7034	  5735	  8959	  6652	  8959	   03:42
 210	 0.014	 0.003	 0.017	-0.029	 0.021	 0.012	 0.019	-0.023	 0.069	 0.063	 0.081	 0.088	 0.049	 0.049	 0.048	 0.051	  6172	  6580	  6977	  8387	  8387	   04:44
 211	-0.032	 0.003	-0.006	-0.015	 0.035	 0.020	-0.012	 0.010	 0.106	 0.097	 0.105	 0.083	 0.039	 0.043	 0.046	 0.040	  7124	  5866	  7106	  8429	  8429	   03:48
 212	 0.018	-0.012	 0.006	-0.002	-0.014	 0.011	-0.011	 0.022	 0.067	 0.075	 0.077	 0.073	 0.049	 0.043	 0.045	 0.049	  6384	  6890	  7313	  7743	  7743	   03:33
 213	 0.025	 0.006	 0.014	 0.022	 0.005	-0.019	-0.010	 0.011	 0.062	 0.084	 0.089	 0.078	 0.047	 0.049	 0.042	 0.050	  6801	  6314	  7501	  7705	  7705	   03:43
 214	-0.014	-0.014	-0.009	 0.006	 0.002	 0.003	-0.020	 0.005	 0.068	 0.071	 0.079	 0.090	 0.051	 0.042	 0.043	 0.044	  6874	  6595	  8013	  6937	  8013	   03:37
 215	 0.000	-0.025	-0.020	 0.023	-0.006	-0.006	 0.017	-0.019	 0.086	 0.087	 0.088	 0.089	 0.051	 0.042	 0.045	 0.045	  6079	  6847	  8576	  6795	  8576	   03:43
 216	-0.004	-0.013	 0.030	 0.002	-0.010	 0.009	-0.004	-0.004	 0.083	 0.078	 0.080	 0.077	 0.049	 0.048	 0.049	 0.041	  6510	  6745	  6935	  8097	  8097	   03:54
 217	-0.006	-0.002	 0.016	-0.003	 0.018	 0.008	-0.005	 0.023	 0.094	 0.087	 0.076	 0.089	 0.047	 0.042	 0.045	 0.043	  6591	  6526	  7588	  7751	  7751	   03:38
 218	 0.003	-0.018	 0.010	 0.020	-0.005	 0.020	 0.017	-0.007	 0.078	 0.077	 0.072	 0.069	 0.052	 0.043	 0.043	 0.047	  6254	  6874	  7737	  7417	  7737	   03:36
 219	 0.002	-0.017	-0.017	-0.001	 0.035	 0.007	-0.011	-0.002	 0.088	 0.077	 0.072	 0.074	 0.041	 0.043	 0.040	 0.039	  5900	  6925	  8265	  7432	  8265	   03:46
 220	 0.021	 0.003	-0.029	 0.015	-0.004	-0.010	 0.026	 0.013	 0.083	 0.076	 0.084	 0.080	 0.039	 0.044	 0.054	 0.043	  5902	  6731	  8647	  7068	  8647	   03:40
 221	-0.007	 0.026	 0.007	-0.012	 0.004	 0.011	 0.002	 0.010	 0.068	 0.085	 0.076	 0.078	 0.043	 0.042	 0.038	 0.041	  7634	  5326	  7370	  8154	  8154	   03:42
 222	-0.028	-0.011	-0.026	 0.004	-0.001	-0.017	 0.020	-0.007	 0.084	 0.084	 0.066	 0.085	 0.043	 0.049	 0.049	 0.047	  6735	  5948	  8784	  6784	  8784	   03:41
 223	-0.008	-0.014	-0.007	-0.019	 0.015	 0.021	 0.024	-0.006	 0.071	 0.072	 0.084	 0.075	 0.045	 0.041	 0.046	 0.048	  6530	  6440	  7235	  8091	  8091	   03:31
 224	 0.015	-0.013	-0.014	 0.000	-0.008	 0.019	-0.001	-0.004	 0.070	 0.076	 0.091	 0.082	 0.041	 0.048	 0.039	 0.050	  6329	  6939	  7663	  7462	  7663	   03:40
 225	 0.002	 0.004	-0.010	-0.004	-0.006	-0.027	 0.028	 0.009	 0.084	 0.084	 0.070	 0.077	 0.040	 0.047	 0.046	 0.049	  6386	  6099	  8220	  7651	  8220	   03:36
 226	-0.010	-0.061	 0.015	-0.017	 0.032	 0.011	-0.005	-0.019	 0.074	 0.095	 0.061	 0.078	 0.045	 0.037	 0.052	 0.045	  6071	  6895	  7530	  7860	  7860	   03:32
 227	-0.021	-0.016	 0.027	 0.005	-0.025	 0.016	 0.005	 0.008	 0.076	 0.076	 0.079	 0.078	 0.049	 0.049	 0.040	 0.056	  7163	  6580	  6808	  7719	  7719	   03:55
 228	-0.005	-0.006	 0.006	 0.008	-0.029	-0.029	-0.019	-0.001	 0.076	 0.071	 0.081	 0.083	 0.045	 0.049	 0.043	 0.047	  6650	  6632	  7617	  7475	  7617	   03:39
 229	 0.008	 0.009	 0.008	-0.017	-0.004	-0.012	 0.013	 0.001	 0.078	 0.079	 0.083	 0.090	 0.046	 0.041	 0.047	 0.041	  6589	  6218	  7465	  8153	  8153	   03:52
 230	-0.016	 0.001	 0.003	-0.013	 0.031	 0.013	-0.036	-0.005	 0.071	 0.078	 0.089	 0.070	 0.048	 0.040	 0.044	 0.040	  7184	  5908	  7019	  8396	  8396	   03:48
 231	-0.014	-0.003	-0.007	 0.004	 0.008	-0.005	-0.006	-0.005	 0.072	 0.074	 0.099	 0.058	 0.044	 0.043	 0.051	 0.044	  6932	  6084	  6957	  8361	  8361	   03:48
 232	 0.005	 0.012	-0.009	 0.012	 0.006	 0.033	 0.018	-0.008	 0.055	 0.094	 0.095	 0.082	 0.048	 0.038	 0.048	 0.042	  7652	  5452	  7692	  7621	  7692	   03:46
 233	 0.011	 0.014	 0.016	 0.005	 0.010	-0.003	-0.003	 0.011	 0.068	 0.079	 0.079	 0.087	 0.043	 0.041	 0.049	 0.047	  6959	  6132	  7599	  7732	  7732	   03:37
 234	-0.015	-0.019	-0.013	-0.007	-0.029	 0.015	 0.016	-0.006	 0.075	 0.091	 0.075	 0.087	 0.046	 0.043	 0.042	 0.048	  6989	  6183	  7960	  7228	  7960	   03:45
 235	-0.001	-0.023	 0.001	-0.009	 0.023	-0.006	-0.003	 0.000	 0.072	 0.096	 0.064	 0.097	 0.048	 0.044	 0.044	 0.052	  6597	  6258	  8261	  7157	  8261	   03:43
 236	 0.005	 0.016	-0.010	 0.009	 0.004	-0.020	 0.013	 0.017	 0.073	 0.082	 0.081	 0.091	 0.044	 0.038	 0.050	 0.041	  6917	  5943	  8351	  7294	  8351	   03:41
 237	-0.001	-0.011	 0.031	 0.009	 0.002	-0.012	-0.016	-0.003	 0.077	 0.072	 0.089	 0.072	 0.043	 0.044	 0.035	 0.042	  6582	  6871	  6803	  8342	  8342	   03:58
 238	 0.003	 0.023	-0.017	 0.011	-0.055	-0.001	-0.007	 0.024	 0.071	 0.070	 0.080	 0.075	 0.047	 0.043	 0.046	 0.053	  7205	  6132	  7900	  7124	  7900	   04:04
 239	-0.021	 0.000	-0.033	 0.003	-0.003	-0.006	 0.027	-0.002	 0.067	 0.086	 0.088	 0.090	 0.041	 0.052	 0.045	 0.048	  7409	  5562	  8334	  6975	  8334	   03:48
 240	-0.003	 0.008	 0.019	-0.006	-0.012	 0.007	 0.024	-0.024	 0.084	 0.071	 0.064	 0.094	 0.046	 0.042	 0.050	 0.044	  6463	  6359	  7949	  7532	  7949	   03:43
 241	 0.013	-0.035	 0.002	-0.013	-0.012	 0.005	 0.011	 0.002	 0.072	 0.085	 0.079	 0.094	 0.042	 0.049	 0.037	 0.047	  6118	  7138	  7642	  7483	  7642	   03:48
 242	 0.033	-0.016	 0.007	 0.019	 0.017	 0.002	 0.020	-0.006	 0.094	 0.093	 0.089	 0.061	 0.034	 0.047	 0.043	 0.051	  5495	  7153	  7536	  8204	  8204	   03:50
 243	 0.011	 0.019	 0.001	 0.018	 0.007	-0.010	-0.017	-0.005	 0.083	 0.070	 0.078	 0.071	 0.039	 0.048	 0.040	 0.048	  6410	  6496	  7954	  7582	  7954	   03:48
 244	-0.018	 0.009	-0.014	-0.039	-0.001	-0.040	-0.012	 0.022	 0.077	 0.075	 0.068	 0.063	 0.042	 0.047	 0.050	 0.041	  6865	  5674	  7333	  8616	  8616	   03:46
 245	 0.035	 0.010	 0.019	-0.030	-0.027	-0.021	-0.019	 0.046	 0.077	 0.066	 0.094	 0.077	 0.048	 0.044	 0.034	 0.037	  6097	  7117	  6418	  9028	  9028	   04:01
 246	 0.005	 0.008	-0.001	 0.023	-0.010	-0.018	 0.012	-0.040	 0.083	 0.069	 0.082	 0.079	 0.043	 0.045	 0.046	 0.042	  6208	  6522	  8251	  7403	  8251	   03:46
 247	 0.010	 0.004	 0.015	-0.000	-0.007	 0.010	 0.011	 0.017	 0.085	 0.080	 0.071	 0.082	 0.044	 0.042	 0.043	 0.043	  6433	  6626	  7662	  7744	  7744	   03:44
 248	 0.001	-0.004	 0.043	-0.019	 0.029	-0.020	 0.023	 0.017	 0.073	 0.088	 0.075	 0.081	 0.042	 0.043	 0.045	 0.043	  6854	  6044	  6678	  8866	  8866	   03:43
 249	 0.003	-0.004	-0.017	 0.006	-0.032	 0.001	 0.015	 0.008	 0.088	 0.071	 0.068	 0.081	 0.047	 0.048	 0.044	 0.049	  6064	  6840	  8465	  6906	  8465	   03:43
 250	 0.010	-0.009	-0.001	 0.038	 0.004	 0.005	 0.005	-0.013	 0.074	 0.104	 0.088	 0.099	 0.041	 0.041	 0.047	 0.050	  6935	  6289	  8562	  6624	  8562	   03:36
 251	 0.002	-0.012	-0.016	 0.028	 0.016	-0.007	 0.007	-0.016	 0.074	 0.079	 0.088	 0.099	 0.045	 0.050	 0.041	 0.044	  6453	  6712	  8686	  6487	  8686	   03:42
 252	 0.008	-0.020	-0.009	 0.011	-0.000	 0.001	-0.016	-0.000	 0.075	 0.079	 0.068	 0.066	 0.045	 0.041	 0.051	 0.033	  6111	  6842	  8130	  7361	  8130	   03:44
 253	 0.007	-0.008	 0.010	 0.007	-0.018	 0.016	 0.012	 0.009	 0.071	 0.064	 0.075	 0.081	 0.048	 0.046	 0.046	 0.045	  6416	  7006	  7556	  7352	  7556	   03:44
 254	 0.031	-0.002	-0.012	-0.005	-0.011	 0.009	-0.010	 0.023	 0.078	 0.088	 0.073	 0.081	 0.052	 0.042	 0.038	 0.038	  6095	  6759	  8151	  7478	  8151	   03:53
 255	 0.002	 0.021	-0.040	 0.023	-0.005	-0.025	 0.008	 0.008	 0.070	 0.065	 0.082	 0.071	 0.049	 0.037	 0.042	 0.047	  6666	  6048	  8804	  6920	  8804	   03:42
 256	-0.006	 0.004	-0.030	-0.008	 0.011	-0.000	-0.010	 0.027	 0.081	 0.081	 0.068	 0.076	 0.045	 0.044	 0.050	 0.047	  6629	  6100	  8404	  7198	  8404	   03:40
 257	 0.041	-0.004	-0.030	-0.014	-0.004	 0.012	 0.023	-0.003	 0.081	 0.080	 0.090	 0.086	 0.046	 0.043	 0.049	 0.045	  5439	  6990	  8209	  7628	  8209	   03:55
 258	 0.000	 0.006	-0.002	-0.030	 0.003	-0.031	-0.014	-0.001	 0.064	 0.091	 0.062	 0.084	 0.043	 0.047	 0.041	 0.036	  7099	  5472	  7871	  8053	  8053	   03:45
 259	 0.000	-0.011	 0.001	 0.000	-0.027	 0.012	-0.018	-0.019	 0.087	 0.070	 0.079	 0.063	 0.042	 0.043	 0.052	 0.051	  6064	  6956	  7296	  7933	  7933	   03:42
 260	 0.028	-0.006	-0.007	 0.033	 0.005	 0.008	-0.004	-0.001	 0.081	 0.083	 0.046	 0.071	 0.049	 0.041	 0.043	 0.036	  5726	  6929	  9300	  6464	  9300	   03:42
 261	-0.003	-0.022	 0.037	 0.016	-0.018	-0.011	-0.018	-0.023	 0.084	 0.082	 0.103	 0.091	 0.042	 0.047	 0.043	 0.047	  6579	  7072	  6793	  8024	  8024	   03:47
 262	-0.010	 0.010	 0.021	 0.010	 0.006	-0.043	-0.006	-0.000	 0.080	 0.101	 0.081	 0.074	 0.038	 0.046	 0.043	 0.047	  7370	  5464	  7401	  8274	  8274	   03:45
 263	 0.004	-0.000	-0.003	 0.015	 0.027	-0.011	-0.002	 0.016	 0.085	 0.084	 0.064	 0.097	 0.042	 0.050	 0.042	 0.042	  6401	  6543	  8841	  6690	  8841	   03:42
 264	 0.017	-0.026	 0.011	 0.007	 0.016	-0.015	-0.022	 0.001	 0.101	 0.093	 0.082	 0.075	 0.040	 0.043	 0.046	 0.038	  5573	  7308	  7681	  7990	  7990	   03:49
 265	 0.019	 0.015	-0.020	-0.010	-0.032	 0.034	 0.005	 0.021	 0.072	 0.076	 0.065	 0.068	 0.044	 0.048	 0.046	 0.048	  6578	  6280	  7982	  7426	  7982	   03:48
 266	-0.003	-0.003	 0.014	 0.024	 0.010	 0.003	 0.015	 0.004	 0.082	 0.092	 0.104	 0.074	 0.051	 0.042	 0.044	 0.049	  6958	  6216	  7068	  8047	  8047	   03:40
 267	-0.002	-0.015	 0.000	 0.001	-0.000	-0.013	 0.002	 0.014	 0.093	 0.087	 0.081	 0.081	 0.039	 0.039	 0.048	 0.049	  6230	  6756	  7772	  7708	  7772	   03:42
 268	 0.019	 0.007	-0.024	-0.005	 0.026	-0.023	-0.018	-0.029	 0.076	 0.090	 0.093	 0.076	 0.049	 0.044	 0.043	 0.040	  6334	  5951	  8065	  8069	  8069	   03:52
 269	-0.030	 0.022	-0.019	-0.002	 0.009	 0.024	 0.000	 0.010	 0.070	 0.087	 0.060	 0.081	 0.048	 0.052	 0.043	 0.042	  7881	  4986	  8423	  6977	  8423	   03:33
 270	-0.007	-0.002	-0.003	 0.012	-0.001	 0.014	 0.002	-0.057	 0.067	 0.085	 0.080	 0.081	 0.043	 0.054	 0.052	 0.039	  6973	  5879	  7985	  7413	  7985	   03:53
 271	-0.026	-0.016	-0.041	-0.030	 0.024	-0.032	-0.015	-0.011	 0.077	 0.085	 0.092	 0.072	 0.035	 0.046	 0.041	 0.045	  6813	  5782	  7710	  8147	  8147	   03:44
 272	-0.005	-0.017	 0.002	-0.001	 0.020	-0.019	-0.009	-0.011	 0.092	 0.083	 0.091	 0.069	 0.044	 0.046	 0.048	 0.039	  6109	  6665	  7312	  8329	  8329	   03:40
 273	 0.008	 0.022	-0.034	-0.003	 0.009	 0.004	 0.021	-0.015	 0.090	 0.047	 0.056	 0.075	 0.050	 0.049	 0.048	 0.041	  5436	  6718	  9139	  6907	  9139	   04:00
 274	 0.010	 0.016	-0.000	-0.001	 0.015	 0.004	 0.006	-0.027	 0.082	 0.081	 0.078	 0.074	 0.043	 0.047	 0.045	 0.048	  6440	  6029	  7794	  7996	  7996	   03:34
 275	 0.007	-0.005	-0.014	 0.006	-0.015	 0.031	-0.006	 0.001	 0.090	 0.077	 0.078	 0.066	 0.054	 0.048	 0.040	 0.050	  6044	  6871	  7797	  7471	  7797	   03:36
 276	 0.045	 0.005	-0.004	-0.003	-0.010	-0.004	 0.021	 0.015	 0.076	 0.070	 0.078	 0.067	 0.045	 0.043	 0.043	 0.046	  5530	  7054	  7722	  8049	  8049	   03:44
 277	-0.012	-0.027	-0.020	-0.011	 0.002	 0.012	 0.043	-0.013	 0.074	 0.071	 0.074	 0.084	 0.048	 0.051	 0.043	 0.034	  6202	  6690	  8164	  7305	  8164	   03:44
 278	 0.020	 0.012	 0.011	-0.016	 0.002	 0.003	-0.039	-0.012	 0.104	 0.079	 0.065	 0.080	 0.046	 0.053	 0.041	 0.045	  5742	  6874	  7720	  7944	  7944	   03:47
 279	-0.004	 0.009	-0.011	-0.013	-0.014	-0.008	-0.011	-0.022	 0.091	 0.092	 0.076	 0.078	 0.050	 0.048	 0.050	 0.044	  6557	  5787	  7920	  7901	  7920	   04:04
 280	 0.023	-0.033	-0.012	-0.018	 0.001	-0.025	 0.001	 0.014	 0.086	 0.084	 0.071	 0.075	 0.048	 0.049	 0.042	 0.040	  5278	  7298	  7946	  7859	  7946	   04:11
 281	-0.017	 0.008	 0.003	 0.020	 0.002	 0.010	 0.006	-0.029	 0.076	 0.068	 0.078	 0.070	 0.045	 0.038	 0.046	 0.046	  6937	  6156	  7797	  7530	  7797	   03:45
 282	-0.016	-0.004	 0.032	-0.015	-0.009	-0.007	-0.030	 0.002	 0.072	 0.088	 0.091	 0.077	 0.050	 0.036	 0.042	 0.049	  7459	  5897	  6322	  8760	  8760	   03:45
 283	 0.004	 0.029	-0.009	 0.005	 0.006	 0.008	-0.000	-0.018	 0.077	 0.066	 0.096	 0.060	 0.046	 0.046	 0.040	 0.045	  6751	  6008	  7251	  8356	  8356	   03:45
 284	-0.011	 0.005	-0.019	 0.002	 0.018	 0.014	 0.010	-0.009	 0.080	 0.078	 0.077	 0.092	 0.036	 0.049	 0.045	 0.043	  6786	  6154	  8442	  6993	  8442	   03:45
 285	 0.002	-0.028	-0.020	 0.026	 0.011	-0.019	 0.004	-0.038	 0.075	 0.096	 0.078	 0.064	 0.043	 0.049	 0.036	 0.051	  6244	  6344	  8463	  7248	  8463	   03:49
 286	-0.032	 0.007	-0.003	 0.011	-0.023	-0.004	 0.011	 0.041	 0.089	 0.079	 0.070	 0.094	 0.043	 0.047	 0.046	 0.048	  7368	  6064	  8209	  6800	  8209	   03:42
 287	-0.005	-0.015	-0.028	-0.004	 0.044	-0.021	 0.005	 0.018	 0.083	 0.063	 0.062	 0.079	 0.049	 0.040	 0.047	 0.048	  5737	  6874	  8789	  7004	  8789	   03:50
 288	-0.025	 0.021	 0.008	 0.010	 0.008	 0.005	-0.025	-0.015	 0.082	 0.101	 0.107	 0.084	 0.040	 0.043	 0.044	 0.046	  8009	  5144	  7136	  8188	  8188	   03:54
 289	-0.000	 0.020	 0.028	-0.002	 0.007	 0.008	 0.020	-0.002	 0.100	 0.086	 0.057	 0.070	 0.052	 0.050	 0.047	 0.048	  6390	  5968	  7595	  8159	  8159	   03:47
 290	 0.012	 0.021	-0.028	 0.007	-0.000	-0.006	 0.022	-0.033	 0.078	 0.088	 0.080	 0.097	 0.043	 0.040	 0.049	 0.054	  6608	  5711	  9026	  6893	  9026	   03:49
 291	 0.005	-0.016	-0.003	 0.006	 0.003	-0.001	 0.006	-0.012	 0.076	 0.087	 0.095	 0.084	 0.050	 0.047	 0.046	 0.048	  6450	  6542	  7556	  7664	  7664	   03:47
 292	-0.019	-0.011	 0.016	 0.008	-0.025	 0.008	-0.007	-0.006	 0.091	 0.093	 0.076	 0.072	 0.044	 0.042	 0.045	 0.044	  6939	  6267	  7355	  7880	  7880	   03:55
 293	-0.010	-0.027	 0.029	 0.015	-0.009	-0.000	-0.015	 0.023	 0.065	 0.094	 0.086	 0.090	 0.044	 0.048	 0.049	 0.048	  7391	  6447	  7070	  7503	  7503	   03:43
 294	-0.015	 0.039	-0.011	 0.017	-0.021	 0.013	 0.025	 0.007	 0.099	 0.081	 0.091	 0.074	 0.040	 0.050	 0.039	 0.038	  7233	  5683	  7905	  7679	  7905	   03:49
 295	 0.006	 0.003	 0.022	-0.004	-0.014	-0.012	 0.032	 0.000	 0.074	 0.102	 0.101	 0.078	 0.044	 0.045	 0.038	 0.050	  7266	  5744	  6654	  8758	  8758	   03:48
 296	 0.021	-0.022	-0.010	 0.008	 0.013	 0.018	 0.019	 0.003	 0.083	 0.078	 0.096	 0.090	 0.042	 0.048	 0.041	 0.039	  5748	  7440	  7902	  7373	  7902	   03:39
 297	 0.023	 0.018	-0.009	 0.004	-0.016	-0.004	 0.008	 0.026	 0.103	 0.081	 0.087	 0.096	 0.039	 0.050	 0.050	 0.041	  5932	  6864	  8258	  7309	  8258	   03:39
 298	 0.001	-0.001	-0.010	 0.038	-0.013	-0.018	-0.005	-0.026	 0.066	 0.070	 0.095	 0.082	 0.042	 0.043	 0.045	 0.045	  6805	  6539	  8190	  6930	  8190	   03:47
 299	-0.007	-0.021	-0.020	-0.038	-0.002	 0.015	 0.025	 0.012	 0.068	 0.084	 0.087	 0.064	 0.050	 0.045	 0.042	 0.048	  6676	  6136	  6855	  8593	  8593	   03:39
 300	 0.000	 0.009	-0.014	 0.006	-0.023	-0.020	 0.010	-0.011	 0.066	 0.094	 0.085	 0.080	 0.049	 0.044	 0.047	 0.049	  7274	  5438	  7998	  7537	  7998	   03:41
 301	-0.011	-0.026	-0.002	-0.008	-0.002	 0.029	-0.004	 0.004	 0.098	 0.073	 0.075	 0.088	 0.039	 0.049	 0.046	 0.041	  5922	  7402	  7774	  7290	  7774	   03:48
 302	 0.012	-0.031	 0.005	 0.006	 0.028	 0.013	-0.020	 0.011	 0.098	 0.089	 0.058	 0.074	 0.046	 0.045	 0.050	 0.046	  5518	  7343	  8208	  7242	  8208	   03:43
 303	 0.010	-0.001	 0.041	 0.029	-0.021	 0.030	 0.035	 0.013	 0.086	 0.064	 0.089	 0.072	 0.048	 0.042	 0.045	 0.055	  6388	  7290	  6755	  7889	  7889	   03:56
 304	 0.007	-0.007	 0.015	 0.016	-0.003	-0.006	-0.001	-0.002	 0.069	 0.080	 0.078	 0.080	 0.053	 0.045	 0.044	 0.047	  6654	  6481	  7628	  7504	  7628	   03:39
 305	 0.010	-0.011	 0.018	-0.006	 0.025	-0.017	-0.002	-0.003	 0.085	 0.068	 0.093	 0.064	 0.049	 0.045	 0.040	 0.047	  5829	  7024	  6704	  8789	  8789	   03:58
 306	 0.018	-0.001	-0.017	-0.013	-0.012	 0.021	 0.007	 0.004	 0.083	 0.076	 0.084	 0.080	 0.044	 0.040	 0.038	 0.046	  6054	  6843	  7791	  7732	  7791	   03:47
 307	-0.005	 0.009	 0.003	-0.011	-0.021	-0.023	-0.007	 0.020	 0.086	 0.077	 0.088	 0.077	 0.046	 0.055	 0.041	 0.050	  6734	  6265	  7104	  8177	  8177	   03:46
 308	-0.000	 0.010	 0.004	 0.016	 0.006	-0.003	-0.001	-0.012	 0.074	 0.080	 0.086	 0.086	 0.056	 0.048	 0.052	 0.044	  6866	  6022	  7830	  7406	  7830	   03:37
 309	-0.017	-0.010	 0.010	-0.015	-0.026	-0.031	 0.015	-0.021	 0.085	 0.066	 0.081	 0.089	 0.040	 0.039	 0.044	 0.052	  6409	  6615	  7407	  7967	  7967	   03:44
 310	-0.023	-0.022	 0.034	 0.013	 0.017	 0.002	-0.005	-0.001	 0.084	 0.092	 0.073	 0.084	 0.040	 0.048	 0.043	 0.051	  7014	  6390	  7330	  7634	  7634	   03:39
 311	 0.002	-0.002	 0.006	-0.033	-0.019	 0.013	 0.041	-0.020	 0.075	 0.066	 0.087	 0.093	 0.046	 0.039	 0.051	 0.037	  6405	  6540	  7150	  8325	  8325	   03:38
 312	-0.016	-0.005	-0.025	 0.005	-0.016	-0.009	-0.025	 0.008	 0.067	 0.082	 0.080	 0.076	 0.054	 0.040	 0.041	 0.047	  7211	  5945	  8064	  7162	  8064	   03:42
 313	-0.016	-0.006	-0.024	-0.003	-0.013	 0.007	 0.011	-0.000	 0.084	 0.060	 0.085	 0.084	 0.051	 0.045	 0.042	 0.046	  6345	  6804	  7981	  7173	  7981	   03:35
 314	-0.036	-0.009	 0.001	-0.011	 0.011	-0.026	-0.016	-0.029	 0.078	 0.072	 0.076	 0.068	 0.056	 0.045	 0.041	 0.042	  6904	  5854	  7354	  8182	  8182	   03:51
 315	-0.008	 0.001	-0.005	-0.018	 0.010	 0.019	-0.009	-0.022	 0.091	 0.083	 0.092	 0.067	 0.050	 0.049	 0.040	 0.046	  6500	  6201	  6976	  8571	  8571	   03:45
 316	 0.004	 0.020	 0.003	 0.007	 0.049	-0.018	-0.007	 0.004	 0.064	 0.078	 0.079	 0.064	 0.047	 0.051	 0.044	 0.051	  7038	  5521	  7602	  8142	  8142	   03:45
 317	-0.012	-0.002	-0.004	 0.014	 0.015	-0.012	-0.021	-0.011	 0.070	 0.094	 0.081	 0.092	 0.047	 0.047	 0.050	 0.041	  7299	  5713	  8222	  7099	  8222	   03:46
 318	-0.009	-0.001	-0.018	 0.017	 0.013	 0.006	-0.008	 0.016	 0.078	 0.080	 0.091	 0.095	 0.048	 0.040	 0.041	 0.044	  6936	  6437	  8302	  6838	  8302	   03:48
 319	-0.004	 0.011	 0.012	-0.036	 0.009	 0.016	-0.033	-0.008	 0.079	 0.083	 0.090	 0.082	 0.048	 0.041	 0.036	 0.047	  7042	  5950	  6634	  8800	  8800	   03:46
 320	-0.004	-0.003	-0.003	-0.022	-0.007	 0.015	-0.001	-0.000	 0.086	 0.069	 0.083	 0.085	 0.049	 0.046	 0.042	 0.048	  6305	  6735	  7324	  7908	  7908	   03:38
 321	-0.012	-0.012	 0.009	-0.028	-0.031	-0.007	 0.007	 0.005	 0.087	 0.075	 0.077	 0.063	 0.044	 0.041	 0.044	 0.049	  6427	  6516	  6692	  8718	  8718	   03:33
 322	-0.011	 0.006	 0.019	-0.013	-0.002	 0.003	-0.012	-0.012	 0.097	 0.080	 0.076	 0.079	 0.041	 0.046	 0.051	 0.051	  6520	  6311	  7171	  8228	  8228	   03:36
 323	 0.013	 0.022	-0.014	 0.013	 0.031	-0.006	 0.008	-0.006	 0.090	 0.079	 0.070	 0.077	 0.047	 0.046	 0.049	 0.042	  6143	  6132	  8701	  7305	  8701	   03:55
 324	-0.007	-0.018	 0.006	 0.012	 0.001	-0.009	 0.016	 0.024	 0.072	 0.068	 0.056	 0.068	 0.044	 0.039	 0.041	 0.039	  6410	  6812	  8069	  7291	  8069	   03:34
 325	 0.013	 0.004	 0.002	-0.007	-0.001	-0.015	-0.022	 0.008	 0.071	 0.078	 0.085	 0.088	 0.048	 0.044	 0.049	 0.046	  6600	  6383	  7570	  7771	  7771	   03:38
 326	-0.022	-0.024	 0.001	-0.026	-0.026	-0.030	-0.013	-0.006	 0.088	 0.075	 0.077	 0.065	 0.047	 0.048	 0.047	 0.041	  6280	  6549	  6976	  8526	  8526	   03:42
 327	-0.010	 0.011	-0.005	 0.018	-0.012	 0.008	-0.009	-0.011	 0.066	 0.074	 0.086	 0.092	 0.044	 0.045	 0.045	 0.045	  7391	  6067	  8016	  6957	  8016	   03:54
 328	-0.022	 0.012	-0.004	-0.026	-0.002	 0.000	 0.009	 0.004	 0.068	 0.086	 0.081	 0.068	 0.045	 0.046	 0.050	 0.035	  7606	  5137	  7013	  8599	  8599	   03:48
 329	-0.008	-0.002	 0.004	-0.009	-0.015	 0.003	-0.010	 0.035	 0.068	 0.067	 0.094	 0.082	 0.045	 0.050	 0.045	 0.046	  7111	  6543	  6834	  7925	  7925	   03:44
 330	-0.006	-0.046	 0.036	-0.023	 0.005	-0.005	-0.015	-0.009	 0.078	 0.076	 0.098	 0.091	 0.044	 0.041	 0.046	 0.048	  6156	  7395	  6253	  8612	  8612	   03:48
 331	-0.013	 0.019	 0.012	 0.008	 0.006	-0.033	-0.009	-0.030	 0.095	 0.074	 0.072	 0.084	 0.048	 0.041	 0.046	 0.045	  6535	  6028	  8098	  7708	  8098	   03:44
 332	 0.003	 0.009	 0.005	-0.019	-0.022	-0.030	-0.009	-0.014	 0.077	 0.078	 0.090	 0.076	 0.052	 0.042	 0.049	 0.049	  6631	  5988	  7024	  8569	  8569	   03:54
 333	-0.007	-0.007	-0.021	-0.033	 0.007	 0.004	 0.018	 0.005	 0.072	 0.081	 0.110	 0.085	 0.048	 0.040	 0.039	 0.047	  6863	  6130	  6893	  8486	  8486	   03:40
 334	 0.003	-0.039	 0.005	 0.015	-0.007	 0.006	-0.002	 0.010	 0.097	 0.077	 0.060	 0.085	 0.041	 0.053	 0.046	 0.049	  5435	  7778	  8371	  6681	  8371	   03:45
 335	-0.006	 0.005	-0.017	-0.000	-0.005	-0.025	-0.020	-0.014	 0.093	 0.083	 0.079	 0.085	 0.046	 0.046	 0.043	 0.040	  6394	  6258	  8357	  7422	  8357	   03:29
 336	 0.008	 0.016	 0.007	 0.013	 0.003	-0.002	 0.003	-0.002	 0.084	 0.083	 0.074	 0.072	 0.039	 0.047	 0.043	 0.044	  6626	  6167	  7878	  7760	  7878	   03:45
 337	 0.022	-0.009	-0.031	 0.035	-0.021	 0.011	-0.023	-0.001	 0.093	 0.053	 0.070	 0.082	 0.043	 0.040	 0.044	 0.044	  5149	  8103	  9264	  5936	  9264	   03:53
 338	-0.001	 0.037	-0.016	 0.027	-0.015	 0.001	 0.004	-0.009	 0.051	 0.088	 0.073	 0.065	 0.050	 0.051	 0.046	 0.048	  8018	  4684	  8286	  7171	  8286	   03:58
 339	 0.011	 0.000	 0.011	 0.015	-0.002	-0.014	 0.034	-0.020	 0.079	 0.082	 0.080	 0.076	 0.045	 0.044	 0.040	 0.048	  6331	  6368	  7845	  7843	  7845	   04:52
 340	-0.014	-0.018	-0.012	-0.001	 0.011	 0.035	 0.007	-0.003	 0.079	 0.089	 0.081	 0.059	 0.041	 0.050	 0.054	 0.055	  6724	  6183	  7316	  7879	  7879	   03:41
 341	-0.007	 0.007	 0.002	-0.002	 0.044	-0.037	 0.013	-0.014	 0.090	 0.072	 0.082	 0.082	 0.043	 0.053	 0.045	 0.046	  6220	  6227	  7859	  7995	  7995	   05:51
 342	-0.002	 0.018	-0.006	-0.006	-0.004	-0.016	 0.012	-0.007	 0.095	 0.083	 0.078	 0.085	 0.046	 0.050	 0.047	 0.047	  6453	  5986	  8045	  7725	  8045	   04:57
 343	 0.007	 0.011	 0.013	-0.020	 0.004	-0.016	 0.015	 0.008	 0.087	 0.078	 0.059	 0.074	 0.047	 0.042	 0.049	 0.051	  6202	  6177	  7651	  8215	  8215	   06:47
 344	 0.014	-0.016	-0.006	-0.006	 0.018	-0.044	 0.005	 0.023	 0.067	 0.092	 0.070	 0.087	 0.054	 0.044	 0.043	 0.047	  6350	  6311	  8216	  7512	  8216	   05:14
 345	-0.008	-0.018	-0.016	-0.024	-0.014	 0.007	 0.024	 0.024	 0.090	 0.085	 0.091	 0.073	 0.046	 0.043	 0.046	 0.051	  6347	  6574	  7150	  8223	  8223	   05:41
 346	-0.003	 0.004	 0.010	 0.010	 0.016	-0.022	-0.002	-0.019	 0.070	 0.069	 0.078	 0.077	 0.041	 0.046	 0.042	 0.042	  6698	  6260	  7728	  7787	  7787	   04:55
 347	 0.010	-0.019	-0.015	-0.012	 0.008	 0.006	 0.018	-0.026	 0.072	 0.088	 0.086	 0.089	 0.040	 0.051	 0.043	 0.037	  6275	  6502	  7937	  7655	  7937	   05:13
 348	-0.003	-0.038	-0.037	 0.011	 0.007	-0.002	-0.026	 0.018	 0.078	 0.064	 0.079	 0.068	 0.041	 0.039	 0.045	 0.044	  5766	  7582	  8354	  6796	  8354	   06:17
 349	-0.026	-0.005	 0.008	 0.020	 0.011	-0.028	 0.018	 0.030	 0.088	 0.073	 0.079	 0.089	 0.049	 0.039	 0.048	 0.043	  6804	  6482	  8001	  7259	  8001	   06:14
 350	-0.034	 0.011	-0.005	-0.004	 0.018	 0.007	-0.008	 0.020	 0.063	 0.091	 0.084	 0.069	 0.042	 0.047	 0.045	 0.045	  8210	  4937	  7219	  8035	  8210	   07:42
 351	 0.022	 0.018	-0.014	 0.003	-0.021	 0.001	-0.016	 0.011	 0.076	 0.078	 0.084	 0.079	 0.045	 0.043	 0.048	 0.049	  6521	  6365	  7928	  7486	  7928	   06:15
 352	-0.018	-0.001	 0.005	-0.003	 0.009	 0.013	 0.004	-0.025	 0.081	 0.080	 0.068	 0.084	 0.047	 0.042	 0.046	 0.048	  6830	  6043	  7907	  7501	  7907	   06:50
 353	-0.013	 0.020	 0.002	 0.019	-0.004	-0.005	-0.003	 0.038	 0.078	 0.074	 0.081	 0.087	 0.041	 0.045	 0.048	 0.044	  7366	  6078	  7917	  7184	  7917	   07:01
 354	 0.005	 0.022	-0.007	 0.006	-0.030	 0.002	-0.007	-0.004	 0.087	 0.082	 0.093	 0.075	 0.048	 0.041	 0.042	 0.046	  6804	  6105	  7577	  7915	  7915	   05:35
 355	 0.003	-0.014	 0.031	 0.042	 0.021	 0.001	-0.004	 0.022	 0.087	 0.084	 0.072	 0.084	 0.047	 0.051	 0.052	 0.045	  6370	  7017	  7951	  6972	  7951	   05:29
 356	-0.002	-0.011	 0.003	 0.009	 0.002	 0.026	 0.012	-0.004	 0.079	 0.068	 0.082	 0.076	 0.046	 0.045	 0.044	 0.044	  6351	  6970	  7543	  7530	  7543	   05:12
 357	-0.017	-0.010	 0.023	 0.007	 0.026	-0.015	 0.001	 0.021	 0.079	 0.073	 0.058	 0.083	 0.049	 0.048	 0.050	 0.045	  6649	  6460	  7846	  7362	  7846	   04:15
 358	 0.016	 0.019	 0.010	 0.002	 0.017	 0.028	-0.003	 0.010	 0.087	 0.067	 0.080	 0.087	 0.044	 0.044	 0.047	 0.042	  6263	  6835	  7686	  7627	  7686	   03:40
 359	 0.030	 0.015	 0.007	 0.013	 0.021	-0.024	-0.017	-0.011	 0.086	 0.081	 0.062	 0.088	 0.045	 0.039	 0.045	 0.040	  5928	  6588	  8743	  7264	  8743	   03:52
 360	-0.015	-0.001	-0.002	-0.000	-0.002	-0.006	 0.026	-0.017	 0.087	 0.084	 0.068	 0.089	 0.043	 0.047	 0.035	 0.045	  6668	  6086	  8332	  7313	  8332	   04:10
 361	-0.007	 0.020	-0.011	-0.030	 0.024	 0.017	-0.011	 0.015	 0.093	 0.068	 0.075	 0.099	 0.046	 0.046	 0.047	 0.050	  6483	  6328	  7907	  7538	  7907	   03:50
 362	-0.023	 0.004	 0.010	 0.000	-0.004	 0.015	-0.008	-0.013	 0.089	 0.077	 0.083	 0.085	 0.042	 0.040	 0.040	 0.045	  7024	  6289	  7443	  7760	  7760	   03:56
 363	 0.012	-0.007	-0.001	-0.013	 0.009	 0.007	-0.028	-0.032	 0.079	 0.074	 0.069	 0.091	 0.037	 0.047	 0.048	 0.043	  6049	  6853	  8068	  7412	  8068	   03:36
 364	 0.013	-0.013	 0.008	 0.011	 0.005	-0.015	-0.005	 0.031	 0.079	 0.081	 0.101	 0.089	 0.051	 0.054	 0.046	 0.040	  6332	  6973	  7314	  7726	  7726	   03:58
 365	 0.007	 0.013	 0.033	 0.021	 0.012	 0.023	-0.051	 0.006	 0.070	 0.088	 0.082	 0.126	 0.043	 0.043	 0.040	 0.045	  7528	  6479	  8081	  6597	  8081	   04:08
 366	 0.009	 0.007	-0.043	 0.017	-0.008	-0.014	-0.002	 0.021	 0.070	 0.080	 0.067	 0.079	 0.047	 0.045	 0.045	 0.042	  6567	  6160	  9255	  6423	  9255	   04:06
 367	-0.014	 0.028	 0.003	-0.001	-0.008	 0.007	-0.005	 0.002	 0.080	 0.093	 0.074	 0.086	 0.050	 0.047	 0.049	 0.053	  7576	  5164	  7819	  7566	  7819	   04:04
 368	-0.015	-0.000	-0.010	 0.003	 0.004	 0.001	-0.028	 0.033	 0.059	 0.085	 0.090	 0.092	 0.047	 0.041	 0.051	 0.045	  7756	  5780	  7694	  7245	  7756	   03:54
 369	-0.023	 0.002	 0.006	 0.002	 0.013	 0.011	 0.010	 0.003	 0.065	 0.073	 0.088	 0.077	 0.044	 0.049	 0.053	 0.040	  7465	  5830	  7137	  7869	  7869	   04:02
 370	 0.002	 0.001	-0.025	-0.010	 0.006	 0.005	 0.013	 0.009	 0.070	 0.075	 0.081	 0.076	 0.053	 0.046	 0.043	 0.041	  6577	  6187	  7932	  7594	  7932	   03:54
 371	-0.005	-0.009	-0.011	 0.017	 0.010	-0.001	 0.018	 0.000	 0.080	 0.089	 0.079	 0.086	 0.044	 0.048	 0.046	 0.048	  6656	  6276	  8357	  6980	  8357	   03:46
 372	-0.003	-0.019	-0.004	-0.017	 0.016	-0.004	 0.005	 0.013	 0.096	 0.082	 0.082	 0.101	 0.051	 0.046	 0.048	 0.049	  5928	  6947	  7867	  7463	  7867	   03:56
 373	 0.003	-0.000	 0.013	 0.020	 0.011	 0.039	-0.034	 0.010	 0.073	 0.074	 0.085	 0.091	 0.046	 0.047	 0.049	 0.052	  6907	  6858	  7619	  6948	  7619	   04:08
 374	-0.007	-0.000	 0.006	-0.010	 0.036	-0.003	-0.015	 0.034	 0.085	 0.075	 0.077	 0.098	 0.046	 0.050	 0.049	 0.042	  6589	  6554	  7801	  7467	  7801	   03:58
 375	-0.015	-0.031	 0.018	-0.014	-0.001	 0.026	 0.033	-0.008	 0.084	 0.083	 0.077	 0.096	 0.044	 0.049	 0.053	 0.048	  6449	  6804	  7302	  7651	  7651	   03:56
 376	-0.005	-0.014	-0.022	-0.004	-0.005	 0.023	 0.037	 0.027	 0.071	 0.097	 0.072	 0.075	 0.043	 0.040	 0.050	 0.045	  6962	  5905	  8147	  7355	  8147	   03:58
 377	-0.002	 0.005	-0.007	-0.007	-0.008	-0.003	 0.013	 0.014	 0.107	 0.068	 0.073	 0.070	 0.042	 0.044	 0.048	 0.036	  5740	  6903	  7871	  7909	  7909	   03:50
 378	-0.030	 0.008	-0.028	-0.005	-0.000	 0.011	 0.025	 0.032	 0.090	 0.083	 0.076	 0.085	 0.048	 0.049	 0.048	 0.044	  7120	  5768	  8287	  7099	  8287	   04:04
 379	 0.029	 0.005	 0.001	 0.018	 0.018	 0.006	-0.004	 0.009	 0.081	 0.063	 0.080	 0.084	 0.052	 0.052	 0.041	 0.045	  5716	  7290	  8097	  7138	  8097	   04:10
 380	-0.008	 0.023	-0.017	 0.000	 0.012	 0.003	-0.016	-0.009	 0.089	 0.089	 0.074	 0.090	 0.046	 0.044	 0.045	 0.044	  6958	  5648	  8524	  7201	  8524	   04:02
 381	 0.004	 0.007	-0.012	-0.010	 0.030	-0.011	 0.002	 0.007	 0.075	 0.075	 0.084	 0.054	 0.050	 0.047	 0.048	 0.044	  6436	  6009	  7269	  8553	  8553	   04:00
 382	-0.043	 0.014	 0.020	 0.006	-0.000	-0.013	 0.009	-0.016	 0.070	 0.080	 0.069	 0.081	 0.054	 0.038	 0.039	 0.050	  8003	  5082	  7531	  7716	  8003	   03:54
 383	 0.020	-0.030	-0.007	 0.006	-0.022	 0.040	 0.004	-0.010	 0.056	 0.075	 0.093	 0.083	 0.048	 0.046	 0.052	 0.050	  6413	  7243	  7387	  7226	  7387	   04:00
 384	-0.018	 0.001	-0.013	 0.007	-0.008	 0.011	 0.017	 0.031	 0.074	 0.074	 0.076	 0.062	 0.039	 0.052	 0.045	 0.045	  7143	  6119	  7591	  7530	  7591	   04:08
 385	 0.014	 0.004	 0.003	-0.011	 0.002	 0.002	-0.009	 0.052	 0.095	 0.072	 0.094	 0.070	 0.046	 0.046	 0.042	 0.052	  6044	  7103	  6861	  8394	  8394	   04:16
 386	-0.016	-0.002	 0.024	 0.013	-0.006	-0.023	-0.004	 0.025	 0.064	 0.067	 0.090	 0.083	 0.050	 0.042	 0.045	 0.044	  7366	  6330	  6977	  7846	  7846	   04:08
 387	-0.041	-0.001	-0.035	 0.003	 0.008	 0.020	-0.002	-0.017	 0.101	 0.076	 0.087	 0.071	 0.044	 0.046	 0.052	 0.044	  6720	  6104	  8091	  7336	  8091	   04:25
 388	-0.024	-0.014	 0.008	-0.007	-0.007	-0.004	-0.027	 0.016	 0.073	 0.084	 0.072	 0.068	 0.038	 0.047	 0.041	 0.046	  7274	  6127	  7152	  7951	  7951	   04:12
 389	 0.025	-0.016	 0.004	 0.005	 0.010	-0.001	-0.022	 0.018	 0.099	 0.079	 0.072	 0.092	 0.040	 0.041	 0.047	 0.038	  5404	  7683	  8293	  7200	  8293	   04:17
 390	 0.015	 0.002	 0.002	 0.027	-0.005	 0.025	 0.030	-0.005	 0.078	 0.074	 0.069	 0.082	 0.052	 0.038	 0.051	 0.037	  6222	  6733	  8516	  6927	  8516	   04:12
 391	-0.039	 0.012	 0.017	 0.027	 0.011	 0.008	 0.017	 0.029	 0.095	 0.073	 0.078	 0.077	 0.044	 0.040	 0.053	 0.057	  7326	  6057	  7566	  7325	  7566	   04:14
 392	 0.006	 0.024	 0.025	-0.001	-0.002	 0.008	-0.011	-0.015	 0.072	 0.069	 0.086	 0.082	 0.044	 0.048	 0.043	 0.049	  6999	  6143	  6989	  8164	  8164	   04:16
 393	 0.044	 0.031	 0.004	-0.004	 0.006	-0.001	-0.002	 0.003	 0.073	 0.082	 0.090	 0.086	 0.044	 0.046	 0.050	 0.044	  6365	  6228	  7609	  8094	  8094	   04:08
 394	-0.000	 0.026	 0.014	 0.016	-0.001	-0.025	 0.000	-0.012	 0.080	 0.071	 0.075	 0.100	 0.051	 0.050	 0.042	 0.043	  6831	  6067	  8260	  7127	  8260	   04:10
 395	 0.005	-0.008	 0.029	 0.026	-0.001	 0.020	 0.020	-0.005	 0.075	 0.083	 0.088	 0.073	 0.040	 0.034	 0.038	 0.044	  6841	  6683	  7163	  7953	  7953	   04:44
 396	-0.012	 0.006	-0.007	 0.002	 0.005	 0.028	 0.003	 0.009	 0.059	 0.089	 0.089	 0.076	 0.042	 0.047	 0.042	 0.045	  7803	  5517	  7348	  7713	  7803	   04:26
 397	-0.005	 0.004	-0.023	-0.006	-0.033	 0.014	-0.019	-0.012	 0.072	 0.075	 0.075	 0.048	 0.048	 0.051	 0.042	 0.045	  6773	  6017	  7430	  8020	  8020	   04:12
 398	-0.021	 0.003	-0.001	-0.015	 0.007	-0.005	-0.013	 0.007	 0.071	 0.065	 0.084	 0.082	 0.039	 0.042	 0.043	 0.043	  7116	  6182	  7283	  7936	  7936	   04:14
 399	-0.001	-0.017	 0.020	-0.014	-0.008	-0.012	 0.014	-0.006	 0.090	 0.065	 0.071	 0.084	 0.048	 0.049	 0.049	 0.040	  5744	  7142	  7378	  8004	  8004	   04:14
 400	-0.026	-0.005	-0.016	 0.012	 0.027	-0.038	 0.011	-0.022	 0.070	 0.086	 0.073	 0.068	 0.041	 0.051	 0.042	 0.040	  7105	  5442	  8306	  7544	  8306	   04:20
 401	 0.014	 0.003	 0.018	-0.006	 0.016	-0.028	 0.014	 0.011	 0.094	 0.090	 0.083	 0.061	 0.043	 0.041	 0.041	 0.045	  6128	  6412	  7034	  8938	  8938	   04:16
 402	 0.015	-0.009	-0.019	 0.007	-0.014	 0.030	-0.030	 0.006	 0.097	 0.079	 0.061	 0.060	 0.052	 0.050	 0.041	 0.045	  5617	  7182	  8279	  7154	  8279	   04:06
 403	 0.011	-0.029	-0.025	 0.014	 0.002	 0.004	-0.003	 0.017	 0.064	 0.090	 0.064	 0.062	 0.045	 0.042	 0.047	 0.046	  6328	  6593	  8446	  6989	  8446	   04:06
 404	-0.005	-0.030	-0.014	-0.014	-0.036	-0.002	 0.010	 0.001	 0.080	 0.071	 0.087	 0.093	 0.048	 0.044	 0.044	 0.052	  6166	  7169	  7658	  7318	  7658	   04:02
 405	 0.007	-0.019	-0.012	 0.007	-0.023	-0.006	 0.006	 0.006	 0.074	 0.076	 0.094	 0.066	 0.047	 0.049	 0.044	 0.043	  6290	  6868	  7352	  7829	  7829	   04:10
 406	 0.024	 0.012	-0.004	-0.005	 0.021	-0.014	-0.007	 0.003	 0.087	 0.088	 0.063	 0.101	 0.046	 0.045	 0.047	 0.045	  6079	  6382	  8789	  7076	  8789	   04:04
 407	-0.018	 0.010	 0.004	 0.015	-0.011	-0.013	-0.014	-0.021	 0.084	 0.066	 0.077	 0.076	 0.047	 0.042	 0.038	 0.037	  6797	  6321	  7894	  7527	  7894	   04:08
 408	-0.016	-0.005	 0.025	-0.019	 0.017	-0.007	 0.022	-0.002	 0.089	 0.089	 0.066	 0.067	 0.044	 0.048	 0.041	 0.052	  6677	  5928	  6980	  8667	  8667	   04:12
 409	-0.013	-0.010	-0.011	-0.011	-0.010	 0.016	 0.030	 0.002	 0.080	 0.071	 0.086	 0.072	 0.044	 0.043	 0.045	 0.048	  6555	  6499	  7330	  7939	  7939	   04:14
 410	-0.004	-0.015	-0.010	 0.018	-0.009	-0.013	-0.003	 0.002	 0.080	 0.100	 0.083	 0.077	 0.042	 0.051	 0.047	 0.049	  6804	  6162	  8038	  7258	  8038	   04:28
 411	-0.012	 0.000	 0.012	-0.021	-0.024	 0.006	-0.013	 0.022	 0.078	 0.087	 0.080	 0.083	 0.045	 0.050	 0.043	 0.043	  7262	  6045	  6929	  8144	  8144	   04:34
 412	 0.016	 0.013	 0.022	-0.018	 0.003	-0.016	 0.001	 0.005	 0.081	 0.070	 0.092	 0.083	 0.051	 0.046	 0.039	 0.045	  6325	  6574	  6765	  8675	  8675	   04:21
 413	 0.040	-0.014	 0.009	-0.018	 0.004	-0.001	-0.000	-0.003	 0.096	 0.074	 0.084	 0.093	 0.046	 0.041	 0.040	 0.045	  4994	  7752	  7628	  8057	  8057	   04:11
 414	-0.026	-0.042	-0.004	 0.020	-0.020	 0.015	-0.008	-0.005	 0.081	 0.087	 0.067	 0.090	 0.051	 0.045	 0.048	 0.042	  6672	  6909	  8376	  6391	  8376	   03:49
 415	 0.027	-0.029	-0.038	 0.000	-0.014	-0.005	-0.003	-0.005	 0.073	 0.079	 0.083	 0.071	 0.048	 0.036	 0.046	 0.047	  5483	  7198	  8367	  7291	  8367	   04:00
 416	 0.011	-0.013	-0.010	-0.010	 0.001	 0.000	-0.033	 0.035	 0.082	 0.078	 0.089	 0.078	 0.043	 0.043	 0.045	 0.040	  6211	  7061	  7441	  7840	  7840	   03:54
 417	-0.004	-0.009	 0.010	 0.008	 0.002	 0.005	-0.001	-0.004	 0.074	 0.089	 0.080	 0.078	 0.048	 0.036	 0.040	 0.053	  6920	  6232	  7530	  7733	  7733	   03:59
 418	 0.027	 0.013	 0.004	-0.019	-0.014	 0.004	 0.003	 0.019	 0.079	 0.077	 0.064	 0.087	 0.043	 0.047	 0.045	 0.039	  6182	  6585	  7917	  7750	  7917	   04:10
 419	 0.004	-0.015	-0.027	-0.002	-0.007	 0.009	-0.027	-0.014	 0.075	 0.070	 0.084	 0.071	 0.048	 0.045	 0.047	 0.041	  6105	  6892	  7921	  7415	  7921	   04:01
 420	-0.012	 0.042	 0.032	 0.015	 0.003	 0.002	-0.006	 0.017	 0.083	 0.075	 0.099	 0.076	 0.039	 0.048	 0.041	 0.050	  7734	  5662	  6638	  8426	  8426	   04:10
 421	 0.013	 0.014	 0.003	 0.013	-0.005	 0.010	 0.016	-0.015	 0.086	 0.085	 0.078	 0.071	 0.044	 0.042	 0.048	 0.044	  6418	  6204	  7907	  7833	  7907	   03:58
 422	-0.028	 0.036	 0.011	 0.002	 0.004	-0.012	-0.012	-0.015	 0.078	 0.082	 0.081	 0.057	 0.046	 0.043	 0.040	 0.052	  7825	  4836	  7036	  8614	  8614	   04:08
 423	-0.006	-0.001	 0.022	 0.018	-0.009	 0.002	-0.006	 0.006	 0.078	 0.078	 0.085	 0.067	 0.045	 0.039	 0.044	 0.040	  6945	  6442	  7089	  8073	  8073	   04:06
 424	-0.009	-0.018	-0.012	 0.022	 0.013	-0.007	-0.020	-0.018	 0.083	 0.084	 0.094	 0.087	 0.055	 0.039	 0.039	 0.040	  6490	  6695	  8175	  7122	  8175	   04:00
 425	 0.011	 0.007	-0.006	 0.001	-0.003	 0.007	-0.009	-0.001	 0.091	 0.072	 0.067	 0.062	 0.043	 0.051	 0.048	 0.048	  5922	  6680	  7871	  7729	  7871	   03:58
 426	 0.003	-0.028	-0.018	-0.020	 0.002	 0.018	 0.016	-0.010	 0.081	 0.090	 0.093	 0.082	 0.045	 0.047	 0.046	 0.047	  6163	  6691	  7445	  7951	  7951	   04:00
 427	 0.009	-0.011	 0.002	 0.012	-0.014	 0.006	-0.002	 0.019	 0.076	 0.075	 0.093	 0.089	 0.044	 0.042	 0.048	 0.042	  6485	  7033	  7598	  7385	  7598	   04:22
 428	 0.012	-0.023	 0.038	-0.009	 0.032	-0.014	-0.013	 0.001	 0.080	 0.062	 0.067	 0.084	 0.051	 0.049	 0.042	 0.046	  5609	  7480	  7196	  8049	  8049	   04:18
 429	 0.031	 0.011	-0.029	 0.001	-0.020	 0.001	 0.007	-0.016	 0.054	 0.103	 0.103	 0.075	 0.043	 0.044	 0.050	 0.054	  7131	  5459	  7737	  7867	  7867	   05:06
 430	-0.003	 0.002	-0.008	 0.003	-0.013	 0.028	-0.019	 0.016	 0.073	 0.098	 0.070	 0.076	 0.044	 0.045	 0.038	 0.047	  7318	  5860	  7926	  7297	  7926	   04:03
 431	 0.036	 0.023	 0.013	-0.015	-0.006	 0.022	 0.016	-0.010	 0.075	 0.081	 0.074	 0.082	 0.047	 0.044	 0.044	 0.048	  6309	  6264	  7499	  8190	  8190	   03:58
 432	-0.030	-0.005	-0.026	 0.022	-0.033	 0.003	-0.013	-0.005	 0.100	 0.089	 0.074	 0.068	 0.038	 0.047	 0.045	 0.048	  6827	  6197	  8452	  6879	  8452	   03:57
 433	-0.027	-0.001	 0.025	 0.001	-0.005	-0.006	-0.004	-0.004	 0.083	 0.084	 0.079	 0.100	 0.041	 0.052	 0.042	 0.041	  7357	  6089	  7452	  7562	  7562	   03:57
 434	 0.007	 0.004	-0.009	-0.010	 0.008	-0.008	-0.021	-0.023	 0.060	 0.086	 0.080	 0.082	 0.048	 0.040	 0.044	 0.050	  6989	  5729	  7822	  7775	  7822	   03:57
 435	 0.001	-0.002	 0.000	-0.012	 0.002	-0.003	 0.007	-0.013	 0.088	 0.095	 0.085	 0.086	 0.040	 0.034	 0.034	 0.041	  6615	  6184	  7712	  8133	  8133	   04:09
 436	 0.033	 0.005	 0.021	 0.022	 0.019	 0.010	-0.025	-0.013	 0.081	 0.080	 0.081	 0.086	 0.045	 0.048	 0.044	 0.041	  6062	  7004	  7867	  7455	  7867	   03:59
 437	 0.008	 0.009	-0.011	-0.004	 0.023	-0.015	 0.004	 0.004	 0.081	 0.074	 0.080	 0.072	 0.036	 0.053	 0.037	 0.047	  6309	  6362	  7833	  7904	  7904	   03:51
 438	-0.002	 0.016	-0.022	 0.002	 0.003	 0.007	 0.000	-0.017	 0.089	 0.092	 0.083	 0.103	 0.049	 0.032	 0.048	 0.039	  6785	  5881	  8783	  7020	  8783	   04:13
 439	-0.004	 0.023	-0.023	-0.024	 0.012	 0.005	-0.021	-0.001	 0.061	 0.080	 0.069	 0.083	 0.046	 0.049	 0.041	 0.044	  7379	  5291	  8088	  7586	  8088	   04:05
 440	-0.014	 0.027	 0.011	-0.027	-0.017	-0.001	-0.011	-0.016	 0.095	 0.069	 0.068	 0.080	 0.033	 0.036	 0.043	 0.034	  6756	  6021	  7479	  8416	  8416	   04:16
 441	 0.022	-0.021	-0.053	-0.013	 0.001	 0.006	 0.022	-0.010	 0.077	 0.096	 0.077	 0.086	 0.043	 0.047	 0.041	 0.046	  5783	  6529	  9031	  6972	  9031	   04:12
 442	-0.000	 0.001	-0.001	 0.014	 0.014	 0.012	 0.019	-0.007	 0.075	 0.096	 0.070	 0.098	 0.046	 0.048	 0.040	 0.043	  6982	  5950	  8599	  6853	  8599	   04:06
 443	 0.035	 0.010	 0.003	-0.024	 0.030	-0.007	-0.005	 0.020	 0.090	 0.070	 0.073	 0.081	 0.047	 0.045	 0.047	 0.045	  5466	  7004	  7661	  8212	  8212	   04:06
 444	-0.002	 0.017	 0.017	-0.028	-0.019	 0.003	 0.008	-0.027	 0.085	 0.076	 0.052	 0.081	 0.038	 0.042	 0.045	 0.045	  6544	  5939	  7751	  8154	  8154	   03:39
 445	-0.013	-0.006	 0.000	-0.017	-0.018	 0.009	 0.008	 0.033	 0.082	 0.084	 0.096	 0.080	 0.041	 0.049	 0.047	 0.041	  7077	  6316	  6795	  8230	  8230	   03:43
 446	 0.018	-0.024	-0.002	 0.008	 0.007	-0.053	-0.006	 0.008	 0.096	 0.108	 0.070	 0.087	 0.046	 0.047	 0.044	 0.040	  5748	  6770	  8582	  7407	  8582	   03:47
 447	 0.006	 0.015	 0.024	-0.007	 0.039	 0.005	-0.031	 0.009	 0.052	 0.084	 0.079	 0.083	 0.048	 0.042	 0.046	 0.044	  7590	  5505	  7196	  8197	  8197	   03:37
 448	 0.007	-0.003	 0.001	-0.029	-0.004	 0.000	-0.008	-0.006	 0.085	 0.080	 0.081	 0.080	 0.049	 0.039	 0.042	 0.041	  6202	  6511	  7264	  8414	  8414	   03:39
 449	 0.017	-0.003	-0.020	-0.020	 0.014	-0.020	 0.007	 0.014	 0.066	 0.081	 0.075	 0.086	 0.046	 0.048	 0.040	 0.041	  6337	  6292	  8127	  7652	  8127	   03:33
 450	-0.029	-0.003	 0.020	 0.019	-0.028	 0.011	 0.011	 0.010	 0.079	 0.083	 0.069	 0.072	 0.045	 0.048	 0.050	 0.041	  7518	  5978	  7433	  7441	  7518	   03:45
 451	-0.020	 0.005	-0.019	-0.042	-0.035	 0.014	-0.004	 0.012	 0.081	 0.105	 0.078	 0.102	 0.040	 0.044	 0.042	 0.043	  7626	  5348	  7755	  7714	  7755	   03:39
 452	-0.007	-0.004	-0.007	-0.002	-0.004	 0.016	-0.015	-0.002	 0.074	 0.077	 0.083	 0.072	 0.045	 0.048	 0.044	 0.045	  6827	  6334	  7441	  7723	  7723	   03:33
 453	 0.006	 0.002	-0.000	 0.003	 0.012	-0.002	-0.015	-0.017	 0.078	 0.087	 0.071	 0.094	 0.049	 0.047	 0.042	 0.046	  6591	  6229	  8324	  7147	  8324	   03:39
 454	 0.014	 0.004	 0.017	 0.009	 0.005	 0.023	 0.011	-0.014	 0.074	 0.073	 0.063	 0.077	 0.047	 0.039	 0.044	 0.047	  6349	  6610	  7892	  7533	  7892	   03:33
 455	-0.010	-0.010	 0.009	-0.004	 0.007	 0.015	 0.014	 0.001	 0.092	 0.077	 0.063	 0.092	 0.051	 0.038	 0.048	 0.044	  6240	  6709	  8109	  7257	  8109	   03:31
 456	 0.006	-0.025	-0.011	 0.009	-0.027	-0.010	-0.017	-0.008	 0.089	 0.089	 0.068	 0.079	 0.043	 0.041	 0.045	 0.040	  5943	  6978	  8443	  7080	  8443	   03:43
 457	-0.020	 0.003	 0.005	-0.027	 0.009	 0.024	-0.008	-0.010	 0.085	 0.061	 0.060	 0.080	 0.052	 0.055	 0.046	 0.052	  6459	  6426	  7444	  7724	  7724	   03:29
 458	 0.002	 0.009	 0.017	 0.011	 0.014	 0.002	 0.006	-0.001	 0.082	 0.067	 0.083	 0.081	 0.046	 0.052	 0.043	 0.047	  6472	  6630	  7428	  7723	  7723	   03:47
 459	 0.009	-0.019	-0.003	-0.008	-0.009	-0.012	 0.010	 0.007	 0.079	 0.068	 0.083	 0.071	 0.046	 0.045	 0.049	 0.045	  5833	  7079	  7378	  8014	  8014	   03:57
 460	 0.020	 0.013	 0.011	 0.031	-0.005	-0.029	 0.017	 0.021	 0.081	 0.093	 0.074	 0.073	 0.047	 0.046	 0.046	 0.046	  6581	  6148	  8157	  7478	  8157	   03:51
 461	-0.002	-0.004	 0.009	 0.002	 0.020	-0.034	-0.010	-0.005	 0.057	 0.078	 0.087	 0.089	 0.044	 0.051	 0.051	 0.046	  7071	  5954	  7521	  7748	  7748	   03:43
 462	 0.003	 0.021	-0.011	 0.013	 0.000	 0.020	 0.010	-0.014	 0.073	 0.077	 0.083	 0.079	 0.046	 0.043	 0.049	 0.044	  6954	  5896	  8078	  7364	  8078	   03:37
 463	 0.001	 0.005	 0.007	-0.003	-0.003	-0.035	 0.021	 0.006	 0.070	 0.074	 0.082	 0.080	 0.031	 0.044	 0.049	 0.045	  6785	  6170	  7526	  8067	  8067	   03:37
 464	-0.011	-0.010	-0.006	 0.010	 0.001	-0.004	 0.002	 0.004	 0.074	 0.084	 0.076	 0.069	 0.041	 0.050	 0.051	 0.039	  6858	  6151	  7800	  7534	  7800	   03:39
 465	 0.001	-0.012	-0.003	 0.014	 0.005	-0.008	-0.007	-0.014	 0.085	 0.087	 0.070	 0.086	 0.050	 0.040	 0.036	 0.046	  6295	  6613	  8481	  7058	  8481	   03:47
 466	-0.001	-0.032	 0.008	 0.009	 0.021	 0.008	-0.006	 0.007	 0.063	 0.081	 0.079	 0.070	 0.042	 0.056	 0.044	 0.042	  6600	  6762	  7342	  7640	  7640	   03:29
 467	-0.009	 0.013	 0.002	-0.001	 0.012	 0.002	-0.008	 0.018	 0.096	 0.082	 0.087	 0.076	 0.047	 0.046	 0.049	 0.035	  6699	  6216	  7445	  8079	  8079	   03:39
 468	 0.005	-0.015	 0.006	 0.015	-0.009	 0.029	-0.003	 0.004	 0.086	 0.080	 0.092	 0.089	 0.048	 0.043	 0.044	 0.044	  6343	  7173	  7604	  7316	  7604	   03:37
 469	-0.027	-0.023	-0.009	 0.012	 0.027	-0.001	 0.003	 0.015	 0.085	 0.080	 0.084	 0.093	 0.047	 0.046	 0.054	 0.042	  6674	  6594	  8119	  6932	  8119	   03:37
 470	 0.012	-0.006	 0.027	-0.011	-0.029	-0.007	-0.017	 0.000	 0.078	 0.089	 0.089	 0.066	 0.043	 0.045	 0.048	 0.043	  6664	  6442	  6417	  8886	  8886	   03:41
 471	 0.021	 0.018	-0.000	-0.009	-0.016	 0.025	 0.003	-0.007	 0.079	 0.079	 0.087	 0.083	 0.044	 0.040	 0.047	 0.046	  6526	  6375	  7485	  8000	  8000	   03:39
 472	-0.001	-0.027	 0.002	 0.001	 0.022	-0.000	-0.037	-0.025	 0.076	 0.086	 0.062	 0.078	 0.048	 0.043	 0.045	 0.047	  6284	  6684	  8127	  7286	  8127	   03:33
 473	-0.020	-0.002	 0.005	-0.006	-0.002	-0.009	 0.006	 0.025	 0.078	 0.078	 0.086	 0.078	 0.042	 0.048	 0.043	 0.046	  7147	  6149	  7121	  7999	  7999	   03:37
 474	 0.009	-0.025	-0.016	-0.032	-0.007	 0.012	-0.011	-0.036	 0.082	 0.059	 0.106	 0.070	 0.041	 0.041	 0.045	 0.047	  5477	  7480	  6709	  8706	  8706	   03:49
 475	 0.014	-0.006	-0.024	 0.016	-0.017	 0.020	 0.033	-0.003	 0.083	 0.081	 0.078	 0.088	 0.042	 0.044	 0.043	 0.042	  6120	  6797	  8791	  6718	  8791	   03:39
 476	 0.016	 0.015	-0.024	-0.001	-0.002	-0.010	-0.013	 0.018	 0.082	 0.090	 0.075	 0.083	 0.055	 0.050	 0.045	 0.044	  6473	  6045	  8461	  7235	  8461	   04:24
 477	-0.004	 0.003	-0.018	-0.006	-0.006	 0.005	 0.003	 0.004	 0.093	 0.088	 0.087	 0.087	 0.038	 0.045	 0.047	 0.044	  6556	  6307	  8007	  7556	  8007	   03:53
 478	-0.022	-0.013	 0.014	 0.024	 0.014	-0.003	-0.000	 0.012	 0.083	 0.091	 0.077	 0.063	 0.051	 0.044	 0.044	 0.043	  7048	  6112	  7458	  7753	  7753	   03:49
 479	 0.024	 0.014	-0.010	 0.039	 0.031	-0.003	 0.003	 0.010	 0.077	 0.077	 0.085	 0.081	 0.048	 0.050	 0.051	 0.043	  6269	  6550	  8577	  6845	  8577	   03:47
 480	-0.009	-0.008	-0.004	-0.000	-0.012	 0.016	 0.016	 0.013	 0.082	 0.086	 0.073	 0.073	 0.048	 0.050	 0.043	 0.043	  6754	  6268	  7701	  7568	  7701	   03:45
 481	 0.001	-0.001	 0.018	 0.012	 0.017	 0.036	-0.034	-0.010	 0.083	 0.072	 0.065	 0.056	 0.045	 0.042	 0.044	 0.046	  6418	  6780	  7366	  7862	  7862	   03:35
 482	 0.015	-0.004	 0.027	-0.003	-0.018	-0.017	-0.003	 0.014	 0.097	 0.061	 0.069	 0.075	 0.044	 0.048	 0.044	 0.051	  5485	  7469	  7302	  8050	  8050	   03:47
 483	-0.005	-0.032	 0.022	-0.009	 0.007	 0.024	 0.013	 0.025	 0.080	 0.073	 0.068	 0.074	 0.042	 0.040	 0.046	 0.043	  6210	  7231	  7092	  7926	  7926	   03:51
 484	 0.049	 0.007	 0.019	 0.001	-0.016	 0.006	-0.001	-0.016	 0.065	 0.083	 0.077	 0.073	 0.041	 0.043	 0.039	 0.043	  6138	  6693	  7420	  8230	  8230	   03:45
 485	-0.006	-0.026	-0.027	-0.005	 0.009	 0.024	-0.011	 0.029	 0.082	 0.060	 0.097	 0.082	 0.042	 0.037	 0.046	 0.044	  6034	  7558	  7637	  7299	  7637	   03:43
 486	 0.018	-0.010	-0.019	 0.007	 0.010	-0.014	-0.019	-0.009	 0.076	 0.086	 0.082	 0.095	 0.041	 0.045	 0.048	 0.042	  6174	  6708	  8597	  6962	  8597	   03:41
 487	-0.011	-0.014	 0.029	-0.031	-0.000	-0.002	 0.006	 0.015	 0.087	 0.079	 0.072	 0.080	 0.049	 0.047	 0.044	 0.041	  6483	  6575	  6668	  8620	  8620	   03:43
 488	-0.006	-0.020	-0.001	-0.041	 0.020	-0.011	 0.046	-0.004	 0.069	 0.076	 0.082	 0.074	 0.045	 0.053	 0.055	 0.045	  6298	  6164	  6886	  8771	  8771	   03:39
 489	-0.014	 0.002	 0.006	 0.003	-0.009	-0.013	 0.022	-0.031	 0.088	 0.102	 0.098	 0.090	 0.045	 0.046	 0.043	 0.043	  7137	  5646	  7526	  8072	  8072	   03:39
 490	-0.009	 0.025	 0.012	-0.007	-0.003	-0.019	 0.009	-0.002	 0.089	 0.094	 0.073	 0.086	 0.045	 0.047	 0.039	 0.047	  7169	  5432	  7762	  8027	  8027	   03:39
 491	 0.006	-0.001	 0.003	-0.005	-0.022	 0.008	 0.002	-0.015	 0.068	 0.080	 0.083	 0.084	 0.047	 0.045	 0.046	 0.043	  6828	  6273	  7479	  7747	  7747	   03:35
 492	 0.025	 0.006	 0.033	 0.035	 0.023	 0.009	 0.012	-0.034	 0.071	 0.090	 0.071	 0.089	 0.035	 0.040	 0.045	 0.045	  6595	  6384	  8213	  7319	  8213	   03:45
 493	 0.008	 0.007	-0.012	-0.035	 0.016	-0.015	 0.019	-0.017	 0.092	 0.069	 0.087	 0.092	 0.047	 0.047	 0.039	 0.048	  5797	  6578	  7664	  8245	  8245	   03:41
 494	 0.004	 0.000	-0.004	 0.050	 0.010	 0.002	-0.010	 0.002	 0.061	 0.082	 0.082	 0.083	 0.038	 0.044	 0.045	 0.044	  7186	  6343	  8539	  6477	  8539	   03:37
 495	 0.006	 0.008	 0.022	 0.032	 0.029	-0.008	 0.018	-0.042	 0.064	 0.091	 0.081	 0.076	 0.045	 0.041	 0.047	 0.050	  7065	  5600	  7859	  7749	  7859	   03:35
 496	 0.004	 0.028	 0.012	 0.016	 0.022	 0.011	-0.018	 0.012	 0.080	 0.062	 0.083	 0.077	 0.046	 0.044	 0.040	 0.041	  6786	  6461	  7599	  7681	  7681	   03:41
 497	-0.020	 0.015	-0.006	 0.014	-0.006	-0.004	 0.002	-0.016	 0.073	 0.070	 0.097	 0.084	 0.041	 0.044	 0.048	 0.051	  7359	  5887	  7599	  7469	  7599	   03:37
 498	 0.019	 0.027	 0.016	-0.007	 0.024	-0.005	 0.031	-0.001	 0.074	 0.063	 0.080	 0.074	 0.045	 0.043	 0.045	 0.039	  6336	  6240	  7340	  8512	  8512	   03:45
 499	 0.026	-0.015	-0.002	 0.004	-0.003	-0.009	 0.005	-0.004	 0.071	 0.067	 0.076	 0.093	 0.049	 0.036	 0.050	 0.042	  5688	  7269	  8250	  7161	  8250	   03:37
 500	 0.032	 0.007	 0.014	-0.008	 0.000	-0.008	 0.001	-0.019	 0.069	 0.095	 0.100	 0.080	 0.040	 0.051	 0.043	 0.047	  6638	  6115	  6905	  8631	  8631	   03:39
