 IND	  DX_1	  DX_2	  DX_3	  DX_4	  DY_1	  DY_2	  DY_3	  DY_4	  JEU1	  JEU2	  JEU3	  JEU4	  INT1	  INT2	  INT3	  INT4	    F1	    F2	    F3	    F4	   FIT	    TIME
   1	-0.023	-0.048	-0.010	-0.013	-0.008	-0.009	 0.006	-0.007	 0.086	 0.077	 0.075	 0.103	 0.037	 0.044	 0.051	 0.042	  6078	  7236	  8151	  6957	  8151	   03:30
   2	 0.020	 0.012	-0.001	-0.010	-0.027	 0.001	-0.003	-0.010	 0.090	 0.071	 0.092	 0.095	 0.045	 0.048	 0.041	 0.048	  6040	  6901	  7620	  7739	  7739	   03:42
   3	 0.002	-0.021	-0.009	-0.009	 0.040	-0.005	-0.015	 0.020	 0.087	 0.076	 0.090	 0.085	 0.049	 0.046	 0.050	 0.044	  5929	  7042	  7649	  7731	  7731	   03:44
   4	 0.013	 0.002	 0.017	-0.012	 0.011	-0.019	 0.001	-0.025	 0.062	 0.072	 0.058	 0.091	 0.040	 0.042	 0.045	 0.049	  6467	  6247	  8019	  7615	  8019	   03:22
   5	 0.003	-0.028	-0.022	-0.016	 0.021	 0.031	-0.007	-0.002	 0.085	 0.077	 0.072	 0.075	 0.043	 0.051	 0.044	 0.048	  5761	  7128	  7942	  7427	  7942	   03:22
   6	-0.005	 0.017	 0.003	-0.015	 0.003	-0.023	-0.009	 0.003	 0.069	 0.079	 0.085	 0.091	 0.039	 0.045	 0.042	 0.044	  7271	  5722	  7495	  8032	  8032	   03:30
   7	 0.010	 0.005	 0.020	-0.029	-0.007	 0.004	 0.017	-0.002	 0.081	 0.066	 0.098	 0.081	 0.042	 0.040	 0.041	 0.043	  6350	  6762	  6382	  8962	  8962	   03:36
   8	 0.030	 0.006	-0.004	-0.028	-0.017	 0.013	 0.001	-0.018	 0.076	 0.085	 0.078	 0.095	 0.045	 0.053	 0.040	 0.033	  6182	  6495	  7802	  7934	  7934	   03:32
   9	-0.018	 0.013	-0.006	-0.002	-0.003	-0.011	 0.020	-0.023	 0.073	 0.069	 0.083	 0.094	 0.046	 0.052	 0.043	 0.047	  7082	  5848	  7943	  7360	  7943	   03:30
  10	 0.014	 0.002	 0.011	 0.002	-0.032	-0.008	-0.026	-0.026	 0.092	 0.071	 0.093	 0.060	 0.040	 0.035	 0.048	 0.047	  5944	  6966	  6928	  8622	  8622	   03:38
  11	-0.008	-0.009	 0.003	 0.013	-0.001	-0.018	-0.032	-0.006	 0.075	 0.075	 0.097	 0.073	 0.048	 0.046	 0.044	 0.045	  6757	  6525	  7248	  7860	  7860	   03:48
  12	 0.021	 0.015	-0.004	-0.006	 0.009	-0.016	 0.001	-0.016	 0.085	 0.079	 0.076	 0.079	 0.042	 0.041	 0.041	 0.040	  6079	  6354	  8090	  7983	  8090	   03:48
  13	 0.008	 0.006	-0.015	 0.005	 0.009	 0.002	-0.005	 0.021	 0.087	 0.074	 0.088	 0.081	 0.046	 0.047	 0.045	 0.043	  6269	  6720	  7934	  7440	  7934	   03:38
  14	 0.016	-0.019	 0.021	 0.001	-0.013	-0.032	-0.033	-0.017	 0.086	 0.083	 0.079	 0.075	 0.050	 0.041	 0.047	 0.043	  5825	  7008	  7362	  8171	  8171	   03:40
  15	-0.031	 0.004	-0.051	 0.018	 0.004	-0.015	 0.016	 0.011	 0.078	 0.070	 0.082	 0.084	 0.048	 0.041	 0.050	 0.043	  6993	  5909	  9058	  6405	  9058	   03:44
  16	 0.004	-0.034	-0.013	 0.001	 0.001	-0.001	 0.027	-0.012	 0.076	 0.071	 0.087	 0.073	 0.040	 0.042	 0.048	 0.043	  5783	  7195	  7717	  7688	  7717	   03:40
  17	 0.005	-0.018	 0.020	-0.004	 0.009	 0.001	 0.024	 0.001	 0.082	 0.086	 0.086	 0.094	 0.041	 0.049	 0.042	 0.049	  6362	  6789	  7317	  7854	  7854	   03:58
  18	-0.004	-0.001	 0.015	-0.010	 0.003	 0.017	-0.017	-0.002	 0.066	 0.053	 0.084	 0.093	 0.048	 0.039	 0.048	 0.047	  6691	  6921	  7168	  7624	  7624	   03:56
  19	-0.012	-0.006	 0.000	-0.006	 0.012	-0.015	 0.006	-0.013	 0.089	 0.077	 0.082	 0.084	 0.043	 0.046	 0.047	 0.045	  6370	  6424	  7706	  7814	  7814	   03:52
  20	 0.011	-0.020	-0.024	 0.018	 0.019	 0.002	-0.014	 0.006	 0.077	 0.095	 0.076	 0.098	 0.040	 0.049	 0.050	 0.043	  6332	  6693	  8988	  6341	  8988	   03:42
  21	-0.013	 0.028	-0.008	-0.031	-0.002	 0.008	 0.002	-0.006	 0.075	 0.078	 0.083	 0.087	 0.046	 0.047	 0.042	 0.049	  7360	  5356	  7370	  8177	  8177	   04:02
  22	 0.000	 0.021	-0.008	-0.004	-0.018	 0.003	-0.011	-0.005	 0.083	 0.067	 0.082	 0.078	 0.041	 0.052	 0.046	 0.052	  6633	  6281	  7642	  7651	  7651	   04:14
  23	 0.010	-0.007	 0.043	 0.015	 0.010	-0.000	-0.023	 0.005	 0.075	 0.078	 0.064	 0.075	 0.034	 0.043	 0.046	 0.043	  6572	  6853	  7338	  7844	  7844	   04:16
  24	-0.004	-0.004	 0.005	-0.004	-0.010	 0.004	 0.024	-0.044	 0.046	 0.058	 0.077	 0.067	 0.050	 0.049	 0.045	 0.048	  6958	  6113	  7161	  7990	  7990	   03:54
  25	-0.004	 0.006	-0.004	-0.014	-0.011	 0.009	 0.011	 0.012	 0.064	 0.095	 0.087	 0.091	 0.042	 0.045	 0.050	 0.045	  7579	  5504	  7456	  7795	  7795	   04:02
  26	-0.012	-0.005	 0.007	 0.000	-0.022	 0.020	 0.005	 0.015	 0.090	 0.090	 0.087	 0.080	 0.037	 0.044	 0.053	 0.044	  6966	  6363	  7240	  7863	  7863	   03:50
  27	 0.013	-0.019	 0.024	-0.008	 0.033	 0.019	 0.026	-0.024	 0.093	 0.074	 0.056	 0.083	 0.045	 0.045	 0.049	 0.036	  5343	  7204	  7956	  7823	  7956	   03:34
  28	 0.037	-0.000	 0.015	-0.022	-0.012	-0.002	 0.008	-0.006	 0.086	 0.073	 0.083	 0.088	 0.044	 0.046	 0.040	 0.038	  5545	  7217	  7316	  8383	  8383	   03:36
  29	-0.002	-0.002	-0.024	 0.014	-0.008	-0.018	-0.024	-0.012	 0.083	 0.076	 0.083	 0.081	 0.034	 0.043	 0.035	 0.045	  6449	  6631	  8463	  7039	  8463	   03:30
  30	 0.009	-0.015	-0.021	-0.020	 0.014	 0.006	 0.024	 0.000	 0.081	 0.082	 0.082	 0.093	 0.043	 0.046	 0.039	 0.044	  6012	  6717	  8113	  7528	  8113	   03:42
  31	 0.037	 0.008	-0.000	 0.018	-0.005	 0.009	-0.002	-0.010	 0.087	 0.062	 0.079	 0.093	 0.052	 0.042	 0.048	 0.045	  5395	  7480	  8432	  6940	  8432	   03:54
  32	-0.029	-0.003	 0.015	 0.015	 0.026	 0.023	 0.017	-0.020	 0.084	 0.059	 0.082	 0.096	 0.036	 0.041	 0.048	 0.041	  6804	  6805	  7793	  7160	  7793	   03:44
  33	 0.017	-0.023	-0.009	 0.003	 0.012	-0.015	-0.005	 0.017	 0.081	 0.094	 0.093	 0.074	 0.037	 0.048	 0.051	 0.051	  6093	  6811	  7553	  7859	  7859	   03:34
  34	-0.003	-0.015	 0.017	 0.022	-0.006	 0.015	 0.010	-0.009	 0.068	 0.086	 0.082	 0.083	 0.046	 0.053	 0.046	 0.040	  7012	  6439	  7532	  7329	  7532	   03:34
  35	 0.013	-0.028	 0.012	 0.023	-0.008	-0.001	-0.000	-0.005	 0.093	 0.086	 0.089	 0.086	 0.047	 0.039	 0.046	 0.048	  5768	  7428	  7807	  7402	  7807	   03:44
  36	-0.008	 0.003	 0.003	 0.007	-0.003	-0.029	-0.018	 0.003	 0.086	 0.065	 0.071	 0.075	 0.048	 0.048	 0.050	 0.041	  6302	  6594	  7901	  7543	  7901	   03:20
  37	-0.011	-0.052	-0.005	 0.006	-0.009	-0.028	-0.019	 0.010	 0.081	 0.092	 0.076	 0.079	 0.047	 0.045	 0.045	 0.048	  6171	  7057	  7885	  7282	  7885	   03:30
  38	 0.004	-0.011	 0.015	-0.006	-0.020	-0.023	-0.019	-0.003	 0.082	 0.089	 0.096	 0.077	 0.041	 0.044	 0.046	 0.038	  6601	  6508	  6890	  8526	  8526	   03:40
  39	 0.012	-0.000	 0.022	-0.001	 0.002	 0.008	 0.022	 0.027	 0.078	 0.072	 0.100	 0.088	 0.046	 0.041	 0.041	 0.046	  6560	  6917	  6799	  8223	  8223	   03:42
  40	 0.015	 0.010	-0.006	-0.005	-0.013	-0.018	-0.006	-0.004	 0.079	 0.083	 0.075	 0.071	 0.051	 0.043	 0.043	 0.044	  6363	  6138	  7846	  7969	  7969	   03:30
  41	-0.007	-0.037	-0.036	-0.003	-0.016	-0.002	 0.008	 0.014	 0.079	 0.064	 0.077	 0.078	 0.045	 0.047	 0.050	 0.043	  5763	  7383	  8300	  6881	  8300	   04:20
  42	 0.003	-0.007	 0.017	-0.027	-0.013	-0.014	-0.008	-0.002	 0.091	 0.072	 0.080	 0.092	 0.051	 0.043	 0.046	 0.057	  5982	  6872	  7123	  8187	  8187	   03:40
  43	-0.008	-0.007	-0.001	-0.019	-0.009	-0.001	 0.004	-0.008	 0.072	 0.068	 0.078	 0.071	 0.046	 0.049	 0.039	 0.044	  6583	  6414	  7174	  8168	  8168	   03:48
  44	 0.024	-0.026	-0.003	 0.027	 0.015	 0.009	-0.019	-0.009	 0.076	 0.077	 0.087	 0.083	 0.048	 0.048	 0.043	 0.045	  5742	  7515	  8125	  6951	  8125	   03:48
  45	-0.002	 0.047	 0.022	 0.044	 0.023	-0.008	-0.009	-0.012	 0.078	 0.059	 0.057	 0.085	 0.039	 0.043	 0.041	 0.048	  7077	  5982	  8764	  6684	  8764	   03:44
  46	-0.018	-0.007	-0.004	 0.003	-0.020	-0.007	 0.005	-0.000	 0.069	 0.080	 0.083	 0.087	 0.048	 0.047	 0.040	 0.046	  7263	  6082	  7690	  7335	  7690	   03:48
  47	 0.044	 0.003	-0.014	-0.030	 0.012	 0.027	-0.025	 0.018	 0.089	 0.076	 0.078	 0.085	 0.049	 0.047	 0.042	 0.047	  5402	  7283	  7735	  7859	  7859	   03:56
  48	 0.016	 0.009	-0.000	-0.015	-0.020	 0.010	-0.013	-0.001	 0.076	 0.078	 0.085	 0.076	 0.044	 0.043	 0.048	 0.045	  6517	  6408	  7237	  8203	  8203	   03:42
  49	 0.021	 0.000	-0.002	 0.001	 0.018	 0.045	 0.009	 0.004	 0.084	 0.084	 0.081	 0.096	 0.049	 0.055	 0.038	 0.039	  6195	  6884	  8028	  7193	  8028	   04:08
  50	-0.001	 0.024	 0.004	-0.009	-0.008	 0.027	 0.046	 0.009	 0.067	 0.072	 0.084	 0.111	 0.043	 0.042	 0.041	 0.048	  7416	  5936	  7858	  7277	  7858	   04:16
  51	-0.011	-0.029	-0.001	 0.002	-0.023	-0.010	 0.012	 0.009	 0.069	 0.064	 0.072	 0.074	 0.043	 0.049	 0.044	 0.050	  6418	  7011	  7578	  7344	  7578	   04:00
  52	-0.009	 0.013	 0.006	 0.012	 0.027	 0.017	-0.003	-0.019	 0.071	 0.095	 0.086	 0.060	 0.045	 0.041	 0.036	 0.042	  7477	  5322	  7333	  8385	  8385	   04:00
  53	 0.041	-0.005	-0.006	 0.023	 0.003	-0.043	-0.034	 0.017	 0.077	 0.085	 0.095	 0.075	 0.039	 0.043	 0.041	 0.043	  5894	  7139	  7971	  7689	  7971	   04:03
  54	 0.032	 0.034	 0.002	-0.004	-0.027	 0.014	-0.009	-0.001	 0.081	 0.073	 0.081	 0.076	 0.038	 0.045	 0.044	 0.038	  6418	  6426	  7611	  8044	  8044	   04:18
  55	-0.001	 0.013	-0.024	 0.015	 0.010	-0.016	 0.008	 0.030	 0.062	 0.072	 0.078	 0.084	 0.035	 0.055	 0.045	 0.047	  7119	  6012	  8463	  6825	  8463	   04:10
  56	 0.022	-0.000	 0.008	-0.032	 0.001	-0.016	 0.005	-0.000	 0.077	 0.067	 0.088	 0.090	 0.044	 0.043	 0.040	 0.042	  5933	  6898	  7114	  8488	  8488	   04:16
  57	-0.033	-0.024	 0.014	 0.003	-0.000	 0.009	-0.026	 0.023	 0.077	 0.084	 0.065	 0.075	 0.048	 0.043	 0.053	 0.047	  7223	  6318	  7423	  7410	  7423	   03:40
  58	 0.014	-0.005	-0.001	-0.018	 0.028	 0.001	-0.031	-0.015	 0.075	 0.081	 0.070	 0.081	 0.043	 0.042	 0.046	 0.045	  6247	  6467	  7831	  7878	  7878	   03:40
  59	 0.020	-0.013	 0.028	 0.001	 0.018	-0.012	 0.003	 0.018	 0.071	 0.100	 0.096	 0.083	 0.042	 0.047	 0.045	 0.048	  6731	  6405	  6814	  8423	  8423	   03:56
  60	-0.015	 0.005	-0.017	-0.012	 0.025	-0.006	-0.007	 0.007	 0.096	 0.086	 0.081	 0.083	 0.048	 0.047	 0.045	 0.049	  6576	  6039	  7961	  7685	  7961	   03:36
  61	-0.003	 0.010	-0.018	 0.002	-0.024	 0.007	-0.014	 0.005	 0.093	 0.097	 0.083	 0.073	 0.043	 0.036	 0.045	 0.043	  6844	  5954	  7989	  7711	  7989	   04:00
  62	-0.046	 0.005	 0.001	-0.022	-0.025	 0.004	 0.006	 0.010	 0.080	 0.085	 0.079	 0.087	 0.049	 0.052	 0.046	 0.051	  7879	  5327	  7139	  7836	  7879	   03:50
  63	-0.006	 0.032	-0.007	-0.013	-0.033	-0.020	 0.018	 0.022	 0.080	 0.084	 0.083	 0.082	 0.047	 0.038	 0.052	 0.044	  7350	  5374	  7634	  8041	  8041	   03:56
  64	-0.024	-0.012	 0.003	 0.008	 0.008	-0.007	 0.007	-0.009	 0.096	 0.084	 0.068	 0.094	 0.047	 0.036	 0.043	 0.042	  6529	  6472	  8423	  7072	  8423	   03:38
  65	 0.012	 0.010	 0.002	 0.019	 0.022	 0.027	-0.007	 0.009	 0.084	 0.081	 0.084	 0.088	 0.037	 0.043	 0.045	 0.045	  6585	  6652	  8066	  7197	  8066	   03:32
  66	 0.033	-0.011	-0.013	 0.014	 0.028	-0.007	-0.001	-0.023	 0.083	 0.081	 0.082	 0.064	 0.046	 0.040	 0.044	 0.031	  5425	  6981	  8227	  7855	  8227	   03:32
  67	-0.024	-0.018	 0.011	-0.011	-0.019	-0.001	 0.016	-0.007	 0.084	 0.086	 0.075	 0.080	 0.042	 0.045	 0.040	 0.043	  6904	  6257	  7307	  7965	  7965	   03:26
  68	 0.046	 0.019	-0.005	-0.007	-0.015	-0.008	 0.021	 0.011	 0.063	 0.078	 0.078	 0.086	 0.045	 0.041	 0.052	 0.045	  6230	  6335	  8033	  7718	  8033	   03:36
  69	 0.028	-0.005	-0.005	-0.032	 0.012	 0.003	-0.003	-0.007	 0.067	 0.063	 0.090	 0.087	 0.043	 0.039	 0.045	 0.044	  5849	  7013	  7247	  8292	  8292	   03:28
  70	-0.018	-0.034	 0.009	-0.017	-0.015	 0.017	 0.006	-0.003	 0.086	 0.065	 0.088	 0.085	 0.045	 0.048	 0.049	 0.050	  6160	  7341	  6875	  7883	  7883	   03:32
  71	-0.024	-0.015	 0.001	-0.035	 0.007	 0.017	 0.022	-0.029	 0.082	 0.087	 0.079	 0.078	 0.040	 0.045	 0.039	 0.042	  6817	  5958	  7087	  8563	  8563	   03:34
  72	-0.019	 0.020	-0.013	-0.015	-0.010	 0.014	 0.002	-0.014	 0.076	 0.075	 0.076	 0.073	 0.051	 0.039	 0.046	 0.047	  7206	  5485	  7649	  7933	  7933	   03:38
  73	 0.016	-0.021	 0.012	-0.029	 0.009	 0.016	 0.016	-0.009	 0.085	 0.084	 0.081	 0.089	 0.039	 0.049	 0.042	 0.046	  5850	  7020	  7164	  8286	  8286	   03:46
  74	 0.007	 0.005	 0.000	-0.010	-0.004	 0.028	 0.025	-0.017	 0.079	 0.060	 0.093	 0.073	 0.044	 0.046	 0.043	 0.043	  6222	  6833	  7041	  8260	  8260	   03:48
  75	-0.028	-0.019	 0.026	 0.016	 0.004	-0.026	 0.039	-0.003	 0.078	 0.075	 0.074	 0.069	 0.046	 0.052	 0.039	 0.041	  6862	  6319	  7271	  7944	  7944	   03:52
  76	 0.011	-0.011	-0.009	 0.015	-0.009	 0.026	 0.010	-0.001	 0.084	 0.077	 0.073	 0.084	 0.046	 0.048	 0.041	 0.054	  6058	  7060	  8319	  6797	  8319	   03:36
  77	-0.001	-0.022	-0.012	 0.017	 0.020	 0.006	 0.050	 0.014	 0.107	 0.064	 0.079	 0.086	 0.047	 0.045	 0.037	 0.040	  5194	  7704	  8570	  6966	  8570	   03:38
  78	 0.003	-0.013	-0.023	 0.029	 0.029	-0.016	 0.011	 0.007	 0.088	 0.056	 0.070	 0.085	 0.041	 0.049	 0.043	 0.040	  5483	  7491	  9126	  6340	  9126	   03:32
  79	-0.044	-0.016	-0.038	 0.007	-0.009	-0.007	-0.002	-0.000	 0.090	 0.078	 0.077	 0.083	 0.043	 0.042	 0.052	 0.039	  6873	  6196	  8641	  6690	  8641	   03:38
  80	 0.007	-0.000	-0.040	 0.009	-0.003	-0.006	 0.029	 0.005	 0.078	 0.074	 0.088	 0.062	 0.045	 0.044	 0.047	 0.052	  6157	  6384	  8245	  7465	  8245	   03:34
  81	 0.020	 0.003	-0.004	 0.020	-0.006	-0.002	-0.012	-0.032	 0.093	 0.074	 0.086	 0.104	 0.049	 0.045	 0.045	 0.049	  5760	  7157	  8597	  6724	  8597	   03:58
  82	 0.025	 0.009	-0.032	-0.008	-0.017	 0.022	-0.017	 0.024	 0.079	 0.073	 0.062	 0.085	 0.052	 0.050	 0.043	 0.048	  5995	  6779	  8734	  6684	  8734	   04:04
  83	 0.010	 0.008	-0.022	-0.003	-0.015	 0.001	-0.015	 0.000	 0.075	 0.086	 0.081	 0.082	 0.042	 0.047	 0.043	 0.043	  6709	  6146	  8154	  7408	  8154	   04:08
  84	-0.012	-0.039	 0.034	 0.019	-0.007	 0.037	 0.001	-0.009	 0.076	 0.068	 0.077	 0.077	 0.041	 0.050	 0.042	 0.036	  6461	  7633	  7037	  7485	  7633	   04:14
  85	-0.011	 0.014	 0.036	 0.028	-0.025	-0.017	 0.034	-0.018	 0.066	 0.077	 0.090	 0.085	 0.048	 0.051	 0.043	 0.042	  7658	  5795	  7130	  7803	  7803	   03:50
  86	 0.004	-0.028	-0.031	 0.047	 0.010	 0.014	-0.017	-0.012	 0.094	 0.088	 0.070	 0.073	 0.045	 0.049	 0.036	 0.050	  5776	  7292	  9299	  5967	  9299	   04:11
  87	 0.011	 0.009	 0.000	 0.005	-0.015	 0.005	 0.027	-0.023	 0.074	 0.066	 0.087	 0.088	 0.045	 0.050	 0.046	 0.042	  6408	  6568	  7801	  7522	  7801	   03:56
  88	-0.020	-0.004	-0.008	-0.005	 0.014	 0.005	-0.018	 0.026	 0.090	 0.074	 0.105	 0.077	 0.042	 0.041	 0.041	 0.048	  6806	  6609	  7034	  8102	  8102	   04:02
  89	-0.003	 0.005	-0.020	-0.001	-0.024	-0.003	-0.010	-0.021	 0.069	 0.085	 0.072	 0.078	 0.042	 0.046	 0.045	 0.038	  6987	  5803	  8284	  7320	  8284	   03:54
  90	 0.019	 0.002	-0.034	 0.007	 0.002	-0.006	 0.012	-0.001	 0.091	 0.079	 0.083	 0.074	 0.040	 0.049	 0.047	 0.042	  5710	  6733	  8577	  7301	  8577	   03:38
  91	-0.002	-0.004	 0.018	 0.012	-0.002	-0.034	 0.006	-0.011	 0.085	 0.093	 0.071	 0.066	 0.050	 0.038	 0.041	 0.048	  6560	  6052	  7660	  8141	  8141	   03:36
  92	-0.014	 0.006	 0.003	-0.002	 0.001	-0.018	-0.016	 0.039	 0.098	 0.067	 0.094	 0.071	 0.040	 0.046	 0.044	 0.041	  6498	  6787	  7064	  8290	  8290	   03:38
  93	-0.008	-0.005	 0.012	 0.021	-0.012	-0.002	 0.005	-0.005	 0.073	 0.072	 0.076	 0.100	 0.045	 0.043	 0.050	 0.042	  6878	  6634	  8141	  6791	  8141	   03:40
  94	-0.017	-0.002	 0.010	-0.013	 0.001	 0.005	 0.007	 0.007	 0.073	 0.089	 0.087	 0.078	 0.048	 0.042	 0.047	 0.043	  7351	  5732	  6934	  8322	  8322	   05:53
  95	 0.017	 0.014	 0.034	-0.006	 0.005	-0.015	 0.003	 0.013	 0.096	 0.094	 0.084	 0.061	 0.045	 0.051	 0.045	 0.049	  6405	  6221	  6514	  9095	  9095	   03:38
  96	 0.023	 0.009	 0.020	 0.004	 0.057	 0.004	-0.028	 0.021	 0.093	 0.105	 0.088	 0.076	 0.040	 0.054	 0.051	 0.043	  6529	  6170	  7340	  8371	  8371	   06:03
  97	-0.006	 0.010	-0.019	 0.007	-0.012	-0.023	 0.028	 0.005	 0.073	 0.102	 0.082	 0.086	 0.044	 0.041	 0.042	 0.039	  7374	  5312	  8435	  7384	  8435	   03:48
  98	-0.042	-0.014	 0.010	-0.005	 0.013	 0.016	 0.001	-0.029	 0.079	 0.077	 0.086	 0.066	 0.043	 0.048	 0.043	 0.046	  7249	  5982	  6804	  8308	  8308	   04:06
  99	 0.005	 0.015	 0.006	-0.007	 0.004	-0.027	 0.013	 0.002	 0.083	 0.083	 0.084	 0.077	 0.040	 0.045	 0.039	 0.046	  6661	  6022	  7474	  8336	  8336	   04:04
 100	-0.004	 0.015	 0.003	 0.022	 0.007	 0.007	-0.010	-0.022	 0.071	 0.076	 0.089	 0.089	 0.045	 0.046	 0.034	 0.046	  7195	  6116	  7928	  7238	  7928	   04:12
 101	 0.009	-0.042	-0.022	 0.005	 0.017	-0.005	-0.000	-0.002	 0.088	 0.087	 0.074	 0.078	 0.042	 0.049	 0.043	 0.046	  5471	  7341	  8449	  7069	  8449	   04:06
 102	 0.014	 0.023	 0.022	 0.019	 0.005	-0.030	-0.023	-0.016	 0.088	 0.078	 0.084	 0.099	 0.047	 0.048	 0.047	 0.042	  6479	  6391	  8022	  7458	  8022	   03:56
 103	 0.005	-0.011	-0.023	 0.011	-0.025	-0.017	-0.028	 0.021	 0.079	 0.076	 0.073	 0.071	 0.044	 0.038	 0.040	 0.046	  6288	  6880	  8313	  7077	  8313	   04:12
 104	-0.009	 0.018	-0.018	 0.004	-0.004	-0.025	-0.004	-0.031	 0.074	 0.072	 0.069	 0.082	 0.047	 0.036	 0.054	 0.035	  6776	  5662	  8677	  7267	  8677	   04:12
 105	 0.009	 0.011	-0.011	 0.003	 0.023	-0.007	-0.012	-0.016	 0.085	 0.081	 0.080	 0.062	 0.038	 0.048	 0.050	 0.045	  6295	  6127	  7834	  8063	  8063	   03:36
 106	-0.022	-0.026	 0.028	-0.018	 0.009	-0.024	 0.009	 0.009	 0.076	 0.091	 0.062	 0.095	 0.039	 0.044	 0.052	 0.045	  6935	  6167	  7453	  7829	  7829	   03:54
 107	-0.018	-0.009	-0.005	 0.021	-0.001	 0.004	-0.008	 0.004	 0.084	 0.070	 0.085	 0.094	 0.041	 0.056	 0.044	 0.046	  6713	  6846	  8084	  6679	  8084	   03:34
 108	 0.009	-0.008	 0.015	 0.013	 0.005	 0.006	 0.003	 0.004	 0.083	 0.082	 0.077	 0.092	 0.044	 0.040	 0.043	 0.049	  6351	  6874	  7915	  7299	  7915	   03:50
 109	 0.009	 0.010	-0.009	 0.037	-0.005	-0.007	 0.020	 0.010	 0.077	 0.078	 0.089	 0.096	 0.050	 0.038	 0.044	 0.050	  6703	  6471	  8611	  6578	  8611	   03:44
 110	-0.013	-0.026	 0.008	 0.026	 0.024	 0.019	 0.010	 0.002	 0.088	 0.067	 0.067	 0.091	 0.048	 0.046	 0.043	 0.045	  6052	  7414	  8386	  6500	  8386	   03:52
 111	-0.013	-0.020	-0.003	 0.015	 0.023	-0.017	 0.033	-0.012	 0.080	 0.085	 0.094	 0.077	 0.041	 0.041	 0.047	 0.051	  6534	  6361	  7696	  7779	  7779	   03:32
 112	 0.021	-0.016	-0.015	-0.011	 0.019	 0.004	 0.006	-0.003	 0.066	 0.088	 0.103	 0.089	 0.047	 0.044	 0.040	 0.046	  6363	  6601	  7495	  7934	  7934	   03:34
 113	-0.002	-0.002	-0.032	-0.015	 0.003	 0.037	-0.002	 0.007	 0.091	 0.100	 0.082	 0.078	 0.046	 0.044	 0.047	 0.054	  6600	  6022	  8024	  7537	  8024	   03:34
 114	 0.009	-0.024	-0.012	 0.020	-0.016	-0.019	 0.013	 0.001	 0.081	 0.085	 0.084	 0.067	 0.039	 0.048	 0.041	 0.041	  6068	  6922	  8019	  7496	  8019	   03:32
 115	 0.004	 0.020	 0.024	-0.019	 0.021	-0.018	-0.014	-0.025	 0.073	 0.091	 0.092	 0.096	 0.040	 0.051	 0.042	 0.045	  7232	  5524	  7057	  8587	  8587	   03:36
 116	-0.010	-0.009	 0.018	 0.003	 0.010	-0.012	-0.008	-0.010	 0.084	 0.068	 0.095	 0.072	 0.043	 0.048	 0.048	 0.049	  6407	  6745	  6811	  8318	  8318	   03:32
 117	-0.016	 0.003	 0.012	-0.009	 0.007	 0.008	 0.012	 0.008	 0.106	 0.071	 0.087	 0.082	 0.043	 0.046	 0.038	 0.044	  6308	  6808	  7169	  8172	  8172	   03:24
 118	 0.001	 0.002	 0.006	 0.022	-0.011	-0.012	-0.018	-0.017	 0.082	 0.087	 0.082	 0.081	 0.046	 0.041	 0.053	 0.046	  6703	  6244	  7965	  7378	  7965	   03:24
 119	 0.019	 0.014	 0.007	 0.002	 0.002	 0.026	-0.004	-0.004	 0.087	 0.084	 0.072	 0.062	 0.049	 0.049	 0.053	 0.049	  6232	  6286	  7479	  8086	  8086	   03:48
 120	 0.049	-0.016	-0.010	-0.010	-0.014	 0.032	-0.007	 0.022	 0.079	 0.070	 0.072	 0.076	 0.049	 0.038	 0.050	 0.050	  5115	  7781	  7884	  7473	  7884	   04:08
 121	 0.002	 0.043	 0.011	-0.016	-0.008	 0.021	 0.008	-0.006	 0.094	 0.074	 0.077	 0.076	 0.041	 0.039	 0.045	 0.048	  6815	  5810	  7323	  8459	  8459	   03:56
 122	-0.026	-0.032	-0.005	-0.002	 0.016	-0.002	-0.011	-0.025	 0.089	 0.067	 0.099	 0.055	 0.039	 0.041	 0.045	 0.042	  6122	  7008	  6816	  8516	  8516	   03:46
 123	-0.015	 0.021	-0.001	-0.003	 0.004	 0.003	 0.002	-0.025	 0.074	 0.086	 0.059	 0.074	 0.043	 0.051	 0.043	 0.044	  7303	  5198	  8147	  7631	  8147	   04:06
 124	 0.000	 0.034	-0.009	 0.013	 0.026	-0.046	 0.002	 0.012	 0.070	 0.088	 0.091	 0.074	 0.043	 0.047	 0.039	 0.047	  7428	  5222	  7912	  8001	  8001	   03:56
 125	-0.001	-0.019	 0.027	-0.011	-0.022	 0.002	 0.018	 0.024	 0.110	 0.070	 0.077	 0.088	 0.047	 0.043	 0.044	 0.039	  5604	  7619	  7207	  8064	  8064	   03:54
 126	-0.021	-0.006	 0.009	-0.006	-0.027	-0.008	-0.011	 0.016	 0.066	 0.073	 0.079	 0.095	 0.040	 0.047	 0.043	 0.046	  7466	  6268	  7375	  7382	  7466	   03:42
 127	-0.025	-0.024	-0.014	 0.000	-0.033	 0.023	-0.030	-0.008	 0.066	 0.083	 0.094	 0.087	 0.044	 0.047	 0.042	 0.046	  7460	  6459	  7366	  7166	  7460	   03:38
 128	-0.000	-0.007	 0.005	 0.017	 0.042	-0.005	-0.007	 0.008	 0.067	 0.081	 0.084	 0.099	 0.044	 0.039	 0.047	 0.043	  6861	  6393	  8210	  7094	  8210	   03:36
 129	 0.024	-0.002	 0.009	-0.008	 0.016	 0.005	-0.004	-0.002	 0.069	 0.073	 0.087	 0.085	 0.041	 0.044	 0.049	 0.043	  6224	  6797	  7357	  8035	  8035	   03:30
 130	 0.003	 0.006	 0.000	 0.001	 0.023	 0.011	-0.024	-0.042	 0.066	 0.069	 0.085	 0.057	 0.043	 0.044	 0.047	 0.039	  6632	  6125	  7239	  8423	  8423	   03:50
 131	-0.010	 0.034	-0.013	 0.011	-0.001	-0.004	 0.038	-0.003	 0.077	 0.076	 0.070	 0.087	 0.039	 0.045	 0.042	 0.047	  7222	  5412	  8695	  7074	  8695	   03:38
 132	 0.036	 0.017	-0.031	 0.013	 0.017	 0.025	-0.009	 0.006	 0.080	 0.062	 0.086	 0.086	 0.046	 0.044	 0.042	 0.040	  5732	  7175	  8657	  6834	  8657	   03:32
 133	 0.012	-0.030	 0.007	 0.005	-0.017	-0.008	-0.012	-0.035	 0.083	 0.088	 0.077	 0.078	 0.041	 0.040	 0.044	 0.049	  5868	  7053	  7800	  7694	  7800	   03:48
 134	-0.013	 0.011	-0.008	 0.013	-0.003	 0.009	-0.023	 0.002	 0.069	 0.079	 0.090	 0.081	 0.048	 0.040	 0.043	 0.044	  7462	  5899	  7728	  7393	  7728	   03:36
 135	-0.001	-0.010	-0.028	 0.018	 0.011	 0.011	 0.016	 0.005	 0.076	 0.092	 0.075	 0.076	 0.046	 0.042	 0.036	 0.048	  6655	  6216	  8660	  6859	  8660	   03:34
 136	 0.002	-0.002	 0.001	-0.007	 0.024	-0.004	 0.014	 0.012	 0.076	 0.088	 0.071	 0.090	 0.041	 0.042	 0.052	 0.047	  6652	  6112	  8049	  7558	  8049	   03:40
 137	 0.014	-0.001	 0.009	 0.006	 0.026	 0.003	-0.024	-0.014	 0.063	 0.106	 0.091	 0.091	 0.050	 0.046	 0.040	 0.044	  7230	  5711	  7657	  7777	  7777	   03:42
 138	 0.003	 0.002	-0.019	 0.022	 0.013	-0.036	-0.007	 0.026	 0.081	 0.090	 0.079	 0.069	 0.037	 0.044	 0.047	 0.058	  6636	  6180	  8352	  7260	  8352	   04:06
 139	-0.003	 0.023	-0.001	-0.004	-0.000	-0.026	 0.014	-0.017	 0.083	 0.090	 0.091	 0.080	 0.052	 0.047	 0.045	 0.040	  6993	  5411	  7590	  8273	  8273	   04:10
 140	 0.005	-0.025	-0.031	 0.006	-0.001	-0.012	-0.013	-0.020	 0.072	 0.081	 0.085	 0.085	 0.040	 0.038	 0.043	 0.041	  6178	  6813	  8516	  7005	  8516	   03:42
 141	 0.002	 0.001	 0.009	 0.019	 0.003	-0.010	 0.006	-0.011	 0.070	 0.080	 0.076	 0.072	 0.039	 0.039	 0.048	 0.040	  6812	  6189	  7842	  7673	  7842	   03:56
 142	-0.021	-0.029	 0.024	-0.004	-0.001	-0.024	 0.010	 0.002	 0.084	 0.090	 0.073	 0.083	 0.043	 0.046	 0.049	 0.047	  6685	  6418	  7285	  7941	  7941	   03:32
 143	-0.011	 0.007	-0.011	 0.024	-0.011	-0.006	-0.004	 0.008	 0.071	 0.092	 0.081	 0.089	 0.049	 0.046	 0.046	 0.043	  7465	  5688	  8376	  6814	  8376	   03:56
 144	 0.002	 0.006	 0.001	 0.019	 0.008	 0.023	-0.020	 0.013	 0.087	 0.089	 0.067	 0.078	 0.044	 0.053	 0.044	 0.045	  6735	  6357	  8209	  6994	  8209	   04:02
 145	 0.014	 0.024	-0.009	-0.008	-0.006	-0.005	 0.015	 0.019	 0.065	 0.096	 0.096	 0.062	 0.045	 0.042	 0.045	 0.044	  7370	  5281	  7062	  8665	  8665	   04:06
 146	-0.027	-0.020	-0.010	-0.001	 0.001	 0.012	-0.023	-0.004	 0.077	 0.087	 0.082	 0.066	 0.041	 0.046	 0.052	 0.044	  7072	  6110	  7402	  7758	  7758	   03:48
 147	-0.000	 0.011	-0.006	 0.007	-0.007	-0.013	-0.005	-0.012	 0.072	 0.076	 0.080	 0.063	 0.043	 0.049	 0.045	 0.040	  6798	  5945	  7649	  7947	  7947	   04:06
 148	 0.012	-0.023	-0.004	-0.034	 0.014	-0.007	-0.013	 0.006	 0.075	 0.075	 0.065	 0.070	 0.054	 0.052	 0.048	 0.051	  5738	  6807	  7360	  8179	  8179	   04:04
 149	 0.007	-0.009	 0.029	 0.012	-0.007	 0.018	-0.013	-0.007	 0.081	 0.085	 0.077	 0.069	 0.042	 0.050	 0.055	 0.042	  6505	  6648	  7079	  8023	  8023	   04:00
 150	 0.012	 0.005	 0.005	-0.025	 0.019	-0.012	 0.032	-0.022	 0.102	 0.082	 0.090	 0.082	 0.046	 0.053	 0.048	 0.048	  5680	  6485	  7276	  8685	  8685	   03:42
 151	 0.008	 0.027	 0.031	 0.028	 0.007	 0.004	 0.008	 0.017	 0.073	 0.073	 0.062	 0.086	 0.050	 0.043	 0.040	 0.044	  7052	  6166	  8049	  7182	  8049	   03:46
 152	-0.010	 0.032	-0.006	 0.020	-0.008	 0.009	-0.025	 0.013	 0.080	 0.091	 0.081	 0.064	 0.044	 0.044	 0.047	 0.050	  7639	  5309	  7750	  7618	  7750	   04:24
 153	 0.000	 0.025	-0.013	-0.012	 0.010	 0.004	-0.006	 0.019	 0.091	 0.093	 0.069	 0.065	 0.043	 0.043	 0.040	 0.038	  6859	  5601	  7918	  8115	  8115	   04:14
 154	-0.004	-0.018	-0.002	 0.005	 0.001	 0.001	 0.015	-0.016	 0.059	 0.054	 0.086	 0.078	 0.049	 0.043	 0.049	 0.042	  6426	  6936	  7468	  7504	  7504	   03:20
 155	-0.007	-0.010	-0.002	 0.024	-0.042	 0.012	 0.012	-0.013	 0.078	 0.079	 0.064	 0.079	 0.054	 0.051	 0.036	 0.051	  6724	  6555	  8343	  6630	  8343	   03:24
 156	-0.012	-0.017	-0.015	-0.010	 0.012	 0.027	-0.001	 0.014	 0.077	 0.088	 0.076	 0.069	 0.049	 0.041	 0.043	 0.045	  6762	  6248	  7601	  7729	  7729	   03:40
 157	-0.018	-0.004	 0.026	-0.014	-0.019	 0.029	-0.014	-0.021	 0.061	 0.089	 0.081	 0.068	 0.045	 0.047	 0.040	 0.041	  7773	  5662	  6388	  8611	  8611	   03:54
 158	-0.003	-0.002	 0.006	 0.024	 0.027	 0.009	 0.020	 0.001	 0.084	 0.077	 0.075	 0.073	 0.037	 0.039	 0.047	 0.046	  6449	  6549	  8046	  7434	  8046	   06:05
 159	 0.022	-0.027	-0.007	-0.009	 0.015	 0.001	-0.025	 0.030	 0.092	 0.065	 0.079	 0.084	 0.038	 0.047	 0.040	 0.048	  5200	  8059	  7811	  7430	  8059	   04:58
 160	-0.006	 0.003	-0.001	 0.006	 0.030	-0.003	-0.010	-0.015	 0.082	 0.076	 0.079	 0.074	 0.044	 0.049	 0.049	 0.045	  6523	  6223	  7812	  7717	  7812	   03:28
 161	 0.028	-0.015	-0.015	-0.013	 0.018	 0.005	 0.028	-0.030	 0.074	 0.084	 0.094	 0.073	 0.049	 0.042	 0.049	 0.042	  5686	  6638	  7586	  8353	  8353	   03:34
 162	-0.012	 0.005	-0.010	 0.007	 0.015	-0.001	 0.000	-0.038	 0.100	 0.098	 0.081	 0.089	 0.052	 0.053	 0.040	 0.049	  6566	  5870	  8359	  7342	  8359	   05:57
 163	-0.023	-0.010	 0.007	 0.012	 0.018	 0.003	-0.006	 0.004	 0.070	 0.074	 0.103	 0.086	 0.038	 0.044	 0.051	 0.036	  7297	  6357	  7173	  7752	  7752	   04:40
 164	 0.006	-0.007	-0.022	 0.010	 0.034	 0.007	 0.024	-0.026	 0.099	 0.069	 0.075	 0.077	 0.033	 0.046	 0.041	 0.045	  5410	  7089	  8703	  7229	  8703	   03:40
 165	-0.009	 0.021	-0.044	 0.040	 0.004	-0.014	-0.012	-0.021	 0.081	 0.084	 0.084	 0.079	 0.047	 0.051	 0.039	 0.047	  6993	  5683	  9295	  6303	  9295	   03:38
 166	 0.006	-0.001	 0.003	-0.004	-0.006	 0.025	-0.000	 0.012	 0.084	 0.087	 0.081	 0.090	 0.051	 0.045	 0.045	 0.039	  6606	  6503	  7683	  7545	  7683	   05:49
 167	 0.023	-0.003	-0.024	 0.021	-0.004	-0.002	 0.000	 0.017	 0.071	 0.065	 0.098	 0.072	 0.049	 0.052	 0.047	 0.046	  6023	  7082	  7888	  7240	  7888	   03:40
 168	-0.009	 0.011	-0.017	 0.002	 0.003	 0.015	 0.026	-0.012	 0.086	 0.091	 0.087	 0.071	 0.053	 0.043	 0.041	 0.045	  6870	  5654	  7856	  7891	  7891	   04:50
 169	 0.018	 0.007	 0.051	-0.021	 0.018	 0.011	 0.009	-0.004	 0.069	 0.076	 0.072	 0.078	 0.045	 0.038	 0.053	 0.041	  6601	  6330	  6480	  8986	  8986	   04:52
 170	 0.005	 0.019	 0.038	 0.011	-0.022	-0.003	 0.008	 0.008	 0.076	 0.080	 0.086	 0.090	 0.048	 0.045	 0.048	 0.040	  7218	  6133	  7040	  8009	  8009	   03:56
 171	-0.007	-0.014	-0.004	-0.019	-0.014	-0.007	-0.005	-0.004	 0.074	 0.083	 0.085	 0.076	 0.046	 0.040	 0.046	 0.052	  6704	  6256	  7185	  8156	  8156	   03:56
 172	 0.003	 0.010	 0.015	-0.033	-0.001	-0.003	 0.023	-0.006	 0.081	 0.070	 0.078	 0.080	 0.048	 0.045	 0.042	 0.044	  6409	  6265	  6943	  8699	  8699	   03:56
 173	-0.006	-0.031	 0.005	 0.014	 0.001	-0.013	-0.022	-0.021	 0.085	 0.085	 0.073	 0.073	 0.037	 0.041	 0.045	 0.044	  6163	  6944	  7921	  7455	  7921	   03:46
 174	 0.025	 0.008	-0.017	 0.015	-0.014	-0.037	 0.022	 0.003	 0.080	 0.074	 0.071	 0.071	 0.046	 0.052	 0.039	 0.034	  5813	  6595	  8682	  7375	  8682	   04:10
 175	 0.012	 0.005	-0.014	 0.001	-0.010	 0.019	 0.013	 0.008	 0.068	 0.078	 0.093	 0.074	 0.044	 0.043	 0.052	 0.045	  6765	  6279	  7485	  7767	  7767	   03:50
 176	 0.018	 0.012	 0.002	-0.015	 0.024	 0.028	 0.016	-0.014	 0.067	 0.083	 0.100	 0.077	 0.048	 0.045	 0.044	 0.038	  6773	  6006	  6939	  8672	  8672	   04:22
 177	-0.009	 0.012	 0.006	 0.025	-0.004	 0.001	 0.011	-0.003	 0.091	 0.088	 0.090	 0.097	 0.046	 0.048	 0.045	 0.041	  6998	  6149	  8085	  7129	  8085	   04:18
 178	-0.017	-0.022	 0.002	-0.018	 0.005	-0.001	 0.004	 0.022	 0.087	 0.073	 0.093	 0.080	 0.049	 0.045	 0.039	 0.049	  6418	  6892	  6882	  8180	  8180	   04:12
 179	-0.002	-0.013	 0.003	-0.009	-0.011	 0.024	 0.001	 0.015	 0.064	 0.073	 0.077	 0.093	 0.041	 0.047	 0.049	 0.048	  6917	  6667	  7500	  7261	  7500	   04:06
 180	-0.009	 0.010	 0.013	 0.002	-0.020	-0.002	 0.032	-0.004	 0.093	 0.067	 0.078	 0.078	 0.043	 0.043	 0.048	 0.041	  6440	  6496	  7543	  7959	  7959	   04:04
 181	-0.014	-0.018	 0.012	-0.000	-0.028	-0.003	 0.027	 0.018	 0.073	 0.084	 0.068	 0.079	 0.046	 0.044	 0.038	 0.040	  7044	  6341	  7556	  7593	  7593	   03:34
 182	-0.015	-0.008	-0.001	 0.030	 0.006	-0.016	 0.012	-0.008	 0.058	 0.089	 0.078	 0.087	 0.044	 0.040	 0.053	 0.046	  7512	  5681	  8308	  6848	  8308	   03:44
 183	-0.004	 0.016	-0.000	-0.007	 0.038	 0.008	 0.030	-0.008	 0.096	 0.078	 0.070	 0.101	 0.047	 0.037	 0.042	 0.043	  6306	  6201	  8522	  7420	  8522	   03:50
 184	 0.029	 0.016	-0.001	-0.003	-0.007	 0.014	 0.036	-0.016	 0.075	 0.096	 0.073	 0.074	 0.039	 0.046	 0.050	 0.048	  6468	  5781	  8022	  8014	  8022	   03:56
 185	 0.029	-0.010	-0.020	 0.009	 0.001	-0.010	-0.002	-0.022	 0.068	 0.083	 0.076	 0.063	 0.049	 0.046	 0.049	 0.042	  5865	  6520	  8235	  7610	  8235	   03:30
 186	 0.001	 0.006	-0.003	-0.007	 0.014	-0.000	 0.012	-0.004	 0.076	 0.076	 0.090	 0.058	 0.045	 0.047	 0.046	 0.048	  6593	  6074	  6984	  8593	  8593	   03:20
 187	 0.001	-0.016	 0.023	 0.004	-0.017	-0.001	 0.002	-0.028	 0.078	 0.078	 0.089	 0.072	 0.042	 0.049	 0.048	 0.047	  6426	  6730	  6850	  8268	  8268	   05:04
 188	-0.006	 0.019	 0.011	 0.016	 0.020	-0.032	-0.016	 0.022	 0.077	 0.087	 0.061	 0.101	 0.050	 0.043	 0.043	 0.044	  7218	  5748	  8676	  6847	  8676	   04:24
 189	-0.000	-0.003	-0.033	-0.014	-0.009	 0.003	-0.012	-0.006	 0.084	 0.081	 0.108	 0.087	 0.051	 0.038	 0.046	 0.052	  6437	  6435	  7625	  7759	  7759	   03:38
 190	 0.007	-0.008	 0.011	 0.019	-0.032	 0.001	-0.008	-0.007	 0.079	 0.081	 0.093	 0.082	 0.045	 0.055	 0.051	 0.052	  6589	  6760	  7325	  7465	  7465	   03:32
 191	-0.001	 0.015	 0.010	-0.009	 0.032	 0.009	-0.007	-0.012	 0.074	 0.083	 0.086	 0.080	 0.044	 0.042	 0.052	 0.040	  7016	  5720	  7318	  8350	  8350	   03:28
 192	-0.002	-0.006	 0.023	 0.009	-0.027	 0.004	-0.010	 0.018	 0.070	 0.068	 0.084	 0.071	 0.048	 0.045	 0.054	 0.044	  6889	  6717	  6807	  7929	  7929	   03:34
 193	 0.001	 0.013	-0.010	 0.008	 0.006	 0.023	 0.036	 0.029	 0.080	 0.086	 0.077	 0.087	 0.040	 0.043	 0.046	 0.050	  6946	  6019	  8236	  7150	  8236	   03:17
 194	 0.001	 0.026	-0.008	-0.013	-0.008	 0.015	 0.004	-0.010	 0.076	 0.081	 0.089	 0.070	 0.052	 0.042	 0.046	 0.040	  7053	  5559	  7285	  8399	  8399	   03:40
 195	-0.013	 0.008	 0.002	-0.013	 0.023	 0.010	-0.003	-0.003	 0.083	 0.069	 0.086	 0.075	 0.048	 0.046	 0.049	 0.051	  6673	  6189	  7142	  8183	  8183	   03:36
 196	 0.006	-0.025	-0.005	 0.003	 0.003	 0.022	 0.014	 0.006	 0.073	 0.080	 0.082	 0.084	 0.032	 0.053	 0.048	 0.042	  6339	  7008	  7740	  7292	  7740	   03:36
 197	 0.009	-0.014	 0.032	-0.008	 0.008	 0.022	 0.029	 0.024	 0.102	 0.080	 0.081	 0.082	 0.052	 0.045	 0.044	 0.047	  5792	  7260	  6902	  8294	  8294	   03:46
 198	-0.015	-0.002	 0.015	-0.000	-0.011	 0.008	 0.005	 0.043	 0.070	 0.077	 0.084	 0.080	 0.042	 0.051	 0.037	 0.047	  7480	  6296	  6919	  7815	  7815	   03:54
 199	-0.008	 0.010	 0.016	-0.001	-0.000	-0.010	-0.023	 0.001	 0.071	 0.063	 0.069	 0.092	 0.046	 0.048	 0.042	 0.043	  6928	  6389	  7730	  7374	  7730	   03:47
 200	-0.017	 0.012	-0.013	 0.033	 0.020	 0.010	-0.011	-0.018	 0.071	 0.069	 0.086	 0.091	 0.042	 0.047	 0.041	 0.042	  7232	  6167	  8510	  6542	  8510	   06:01
 201	 0.006	-0.009	-0.005	 0.007	 0.019	-0.002	-0.003	-0.049	 0.068	 0.073	 0.076	 0.079	 0.048	 0.042	 0.044	 0.046	  6231	  6476	  8127	  7469	  8127	   05:30
 202	 0.016	 0.021	-0.022	-0.010	-0.006	 0.017	-0.003	-0.032	 0.075	 0.078	 0.066	 0.095	 0.047	 0.045	 0.044	 0.048	  6443	  6041	  8786	  6985	  8786	   03:48
 203	-0.012	-0.023	-0.014	-0.005	-0.012	-0.011	 0.011	-0.001	 0.082	 0.082	 0.080	 0.064	 0.051	 0.046	 0.043	 0.055	  6324	  6459	  7529	  7860	  7860	   03:48
 204	-0.010	-0.003	 0.007	-0.004	-0.014	-0.025	-0.015	-0.023	 0.079	 0.088	 0.101	 0.081	 0.047	 0.045	 0.039	 0.043	  7001	  6020	  7042	  8377	  8377	   04:00
 205	 0.014	-0.011	-0.028	 0.020	 0.032	 0.017	 0.023	 0.017	 0.087	 0.086	 0.095	 0.055	 0.052	 0.046	 0.032	 0.047	  5964	  6759	  7869	  7747	  7869	   03:58
 206	-0.022	 0.011	-0.002	 0.011	 0.002	-0.008	 0.011	 0.001	 0.095	 0.075	 0.095	 0.081	 0.054	 0.047	 0.039	 0.039	  6835	  6195	  7573	  7748	  7748	   04:08
 207	-0.006	-0.026	-0.018	-0.026	 0.007	-0.006	-0.020	-0.027	 0.062	 0.095	 0.090	 0.080	 0.042	 0.048	 0.042	 0.042	  6892	  5954	  7391	  8136	  8136	   03:56
 208	 0.010	-0.024	-0.012	-0.002	 0.013	-0.011	 0.015	-0.002	 0.077	 0.070	 0.068	 0.069	 0.042	 0.039	 0.048	 0.047	  5623	  7048	  8115	  7569	  8115	   03:42
 209	 0.003	-0.001	 0.026	 0.034	-0.007	-0.039	-0.013	 0.004	 0.076	 0.081	 0.097	 0.073	 0.043	 0.048	 0.048	 0.040	  6828	  6462	  7192	  8003	  8003	   03:50
 210	-0.023	 0.022	-0.005	 0.011	-0.002	 0.004	-0.009	-0.013	 0.079	 0.068	 0.065	 0.081	 0.041	 0.051	 0.048	 0.041	  7193	  5799	  8308	  7020	  8308	   04:02
 211	 0.019	 0.008	-0.007	-0.009	 0.015	 0.010	-0.005	-0.000	 0.075	 0.074	 0.054	 0.083	 0.039	 0.048	 0.040	 0.045	  6165	  6508	  8510	  7205	  8510	   03:54
 212	 0.012	 0.016	-0.005	 0.026	-0.001	-0.004	 0.010	 0.001	 0.085	 0.076	 0.073	 0.069	 0.043	 0.046	 0.050	 0.049	  6306	  6366	  8311	  7260	  8311	   04:22
 213	 0.002	-0.011	-0.013	 0.006	 0.022	 0.009	 0.008	-0.013	 0.074	 0.086	 0.061	 0.074	 0.041	 0.047	 0.041	 0.054	  6400	  6256	  8499	  7115	  8499	   04:02
 214	 0.015	-0.005	 0.019	-0.005	-0.030	-0.034	 0.023	 0.007	 0.070	 0.077	 0.071	 0.067	 0.045	 0.047	 0.047	 0.038	  6379	  6442	  7253	  8358	  8358	   03:52
 215	 0.026	-0.031	 0.004	 0.019	 0.017	 0.011	 0.023	 0.002	 0.079	 0.057	 0.077	 0.085	 0.044	 0.050	 0.043	 0.044	  5106	  8125	  8122	  6970	  8125	   04:00
 216	-0.023	 0.020	-0.001	-0.012	 0.004	-0.014	 0.015	 0.003	 0.091	 0.082	 0.068	 0.061	 0.040	 0.043	 0.047	 0.050	  6975	  5445	  7543	  8357	  8357	   03:36
 217	 0.008	-0.032	 0.008	 0.001	 0.036	-0.037	 0.013	-0.006	 0.073	 0.061	 0.080	 0.075	 0.049	 0.048	 0.038	 0.046	  5518	  7355	  7565	  7942	  7942	   03:40
 218	-0.009	-0.007	-0.005	 0.002	-0.010	 0.022	 0.010	-0.000	 0.075	 0.064	 0.073	 0.078	 0.046	 0.041	 0.046	 0.035	  6561	  6745	  7836	  7322	  7836	   03:24
 219	 0.013	-0.016	 0.008	-0.020	-0.021	-0.009	-0.025	-0.014	 0.096	 0.095	 0.078	 0.060	 0.044	 0.049	 0.051	 0.050	  5835	  6631	  6949	  8740	  8740	   04:06
 220	 0.006	 0.007	-0.019	-0.003	 0.013	 0.011	-0.034	 0.013	 0.084	 0.094	 0.060	 0.084	 0.045	 0.043	 0.040	 0.047	  6692	  6113	  8672	  6954	  8672	   03:44
 221	 0.013	 0.018	-0.007	-0.023	-0.021	 0.009	 0.015	 0.024	 0.076	 0.080	 0.085	 0.083	 0.038	 0.044	 0.049	 0.043	  6821	  6115	  7383	  8136	  8136	   03:30
 222	-0.001	-0.011	-0.009	 0.003	-0.003	-0.013	 0.010	-0.011	 0.080	 0.081	 0.099	 0.071	 0.038	 0.047	 0.038	 0.044	  6483	  6536	  7348	  8123	  8123	   03:38
 223	-0.017	-0.005	-0.019	 0.010	 0.025	 0.017	-0.030	 0.006	 0.095	 0.098	 0.081	 0.085	 0.045	 0.047	 0.049	 0.041	  6862	  6131	  8355	  7027	  8355	   03:44
 224	-0.007	 0.002	-0.023	 0.004	-0.002	 0.005	 0.018	 0.035	 0.071	 0.067	 0.066	 0.084	 0.042	 0.039	 0.046	 0.043	  6742	  6426	  8562	  6776	  8562	   03:30
 225	 0.006	 0.033	 0.012	 0.042	 0.002	 0.016	-0.008	 0.011	 0.075	 0.081	 0.084	 0.082	 0.047	 0.041	 0.046	 0.048	  7378	  5913	  8028	  7058	  8028	   03:22
 226	 0.015	-0.003	-0.018	 0.012	 0.007	 0.008	 0.026	-0.036	 0.093	 0.094	 0.089	 0.067	 0.043	 0.044	 0.046	 0.043	  5910	  6377	  8154	  7936	  8154	   04:10
 227	 0.005	 0.007	 0.016	-0.006	 0.028	-0.017	-0.004	-0.002	 0.082	 0.074	 0.076	 0.077	 0.047	 0.045	 0.044	 0.043	  6357	  6351	  7449	  8220	  8220	   05:12
 228	-0.027	-0.006	 0.027	-0.024	 0.021	-0.023	 0.007	 0.009	 0.090	 0.112	 0.080	 0.078	 0.047	 0.049	 0.050	 0.045	  7369	  5287	  6705	  8886	  8886	   03:40
 229	 0.007	-0.013	-0.006	 0.006	-0.018	-0.006	 0.004	 0.005	 0.075	 0.080	 0.077	 0.067	 0.045	 0.041	 0.045	 0.048	  6338	  6622	  7718	  7671	  7718	   03:30
 230	-0.004	 0.007	 0.027	-0.005	-0.012	 0.007	-0.036	 0.025	 0.087	 0.091	 0.074	 0.074	 0.039	 0.044	 0.048	 0.040	  7104	  6207	  7004	  8254	  8254	   03:42
 231	-0.010	-0.021	 0.013	-0.012	-0.032	 0.028	-0.006	-0.024	 0.082	 0.083	 0.063	 0.092	 0.051	 0.046	 0.044	 0.050	  6547	  6727	  7689	  7291	  7689	   03:32
 232	-0.022	-0.003	 0.016	-0.016	 0.000	 0.002	-0.001	-0.008	 0.079	 0.071	 0.064	 0.072	 0.047	 0.047	 0.043	 0.055	  6813	  6149	  7182	  8055	  8055	   03:38
 233	-0.028	 0.002	 0.021	-0.018	 0.015	 0.040	 0.013	-0.000	 0.089	 0.089	 0.074	 0.086	 0.046	 0.050	 0.048	 0.048	  7248	  5833	  7040	  8081	  8081	   03:52
 234	-0.016	 0.017	-0.008	-0.000	-0.002	 0.015	-0.004	-0.001	 0.092	 0.089	 0.083	 0.061	 0.044	 0.044	 0.047	 0.049	  7044	  5629	  7430	  8162	  8162	   04:06
 235	 0.019	 0.004	-0.005	-0.005	-0.002	 0.047	 0.009	 0.006	 0.072	 0.085	 0.094	 0.083	 0.050	 0.038	 0.045	 0.055	  6691	  6454	  7321	  7789	  7789	   03:46
 236	 0.004	 0.015	 0.003	 0.003	 0.035	 0.021	-0.001	 0.012	 0.072	 0.081	 0.070	 0.083	 0.051	 0.041	 0.042	 0.042	  6944	  5954	  8041	  7496	  8041	   03:46
 237	-0.028	-0.000	-0.015	-0.002	-0.011	 0.012	-0.014	-0.016	 0.059	 0.075	 0.077	 0.079	 0.050	 0.046	 0.035	 0.042	  7660	  5682	  7775	  7296	  7775	   03:34
 238	-0.036	-0.012	 0.021	-0.021	 0.001	 0.006	 0.005	 0.003	 0.095	 0.077	 0.064	 0.076	 0.053	 0.042	 0.045	 0.045	  6723	  6277	  7097	  8187	  8187	   03:36
 239	 0.017	 0.019	-0.014	-0.027	 0.026	 0.006	 0.030	 0.015	 0.091	 0.082	 0.079	 0.083	 0.048	 0.048	 0.049	 0.041	  6060	  6137	  7877	  8176	  8176	   03:38
 240	 0.011	-0.021	 0.003	 0.001	 0.003	-0.010	 0.005	 0.008	 0.095	 0.084	 0.082	 0.081	 0.045	 0.040	 0.052	 0.048	  5683	  7127	  7742	  7748	  7748	   03:44
 241	 0.026	 0.024	 0.009	-0.000	 0.002	-0.026	 0.031	-0.001	 0.075	 0.069	 0.073	 0.075	 0.041	 0.051	 0.045	 0.037	  6173	  6277	  7877	  8120	  8120	   04:16
 242	 0.026	 0.014	-0.025	 0.021	-0.010	 0.032	-0.009	 0.016	 0.083	 0.075	 0.087	 0.080	 0.039	 0.046	 0.052	 0.048	  6220	  6876	  8369	  6824	  8369	   04:00
 243	 0.020	 0.011	 0.006	 0.005	 0.014	-0.003	-0.022	 0.003	 0.086	 0.090	 0.074	 0.064	 0.050	 0.042	 0.046	 0.045	  6330	  6243	  7655	  8096	  8096	   05:29
 244	-0.008	 0.005	 0.043	 0.001	-0.004	-0.025	 0.014	-0.002	 0.097	 0.079	 0.097	 0.070	 0.041	 0.042	 0.052	 0.046	  6596	  6418	  6281	  9102	  9102	   04:00
 245	 0.013	 0.014	 0.011	-0.001	 0.010	-0.013	-0.011	-0.019	 0.084	 0.086	 0.083	 0.076	 0.045	 0.042	 0.036	 0.048	  6518	  6133	  7514	  8280	  8280	   03:46
 246	 0.003	 0.029	-0.016	-0.003	-0.020	-0.012	 0.008	-0.013	 0.077	 0.080	 0.069	 0.079	 0.040	 0.045	 0.046	 0.045	  6882	  5556	  8417	  7491	  8417	   04:45
 247	 0.007	-0.009	-0.002	 0.021	-0.023	-0.019	-0.010	 0.036	 0.080	 0.079	 0.064	 0.085	 0.046	 0.045	 0.046	 0.044	  6381	  6881	  8496	  6734	  8496	   04:55
 248	 0.008	 0.005	 0.000	 0.026	-0.004	-0.005	 0.035	 0.007	 0.067	 0.061	 0.080	 0.073	 0.042	 0.040	 0.047	 0.042	  6526	  6644	  8009	  7331	  8009	   03:46
 249	 0.001	-0.019	 0.006	-0.037	-0.016	 0.006	-0.021	 0.025	 0.085	 0.071	 0.086	 0.089	 0.040	 0.044	 0.041	 0.044	  6181	  7211	  6846	  8264	  8264	   04:10
 250	-0.005	-0.035	 0.010	 0.008	 0.024	 0.000	-0.010	-0.003	 0.063	 0.075	 0.074	 0.084	 0.049	 0.043	 0.039	 0.042	  6480	  6954	  7745	  7292	  7745	   04:08
 251	 0.006	 0.011	 0.021	 0.008	-0.017	-0.005	-0.041	-0.057	 0.086	 0.066	 0.085	 0.078	 0.040	 0.044	 0.041	 0.042	  6300	  6818	  7355	  8055	  8055	   04:18
 252	 0.028	 0.003	-0.011	 0.027	 0.015	-0.027	 0.005	-0.008	 0.072	 0.075	 0.071	 0.072	 0.045	 0.049	 0.051	 0.050	  5886	  6590	  8653	  7061	  8653	   04:02
 253	 0.010	 0.018	 0.022	 0.013	 0.017	 0.012	 0.025	-0.011	 0.087	 0.077	 0.085	 0.085	 0.046	 0.042	 0.047	 0.047	  6477	  6364	  7554	  7888	  7888	   04:00
 254	-0.002	 0.016	 0.020	 0.012	-0.005	 0.002	-0.005	-0.017	 0.072	 0.067	 0.074	 0.070	 0.047	 0.037	 0.048	 0.044	  6886	  6171	  7423	  7938	  7938	   04:00
 255	-0.010	 0.015	 0.008	-0.002	 0.006	-0.003	 0.009	-0.010	 0.081	 0.078	 0.076	 0.066	 0.050	 0.052	 0.047	 0.041	  6866	  5753	  7342	  8235	  8235	   05:05
 256	 0.019	-0.010	-0.010	-0.012	-0.001	 0.014	-0.003	-0.004	 0.087	 0.081	 0.074	 0.070	 0.048	 0.053	 0.048	 0.051	  5706	  6841	  7697	  7837	  7837	   03:56
 257	-0.005	 0.025	-0.004	-0.010	-0.019	-0.013	-0.005	 0.015	 0.078	 0.074	 0.088	 0.078	 0.041	 0.045	 0.043	 0.039	  7147	  5857	  7359	  8129	  8129	   04:00
 258	-0.011	 0.031	-0.012	 0.005	 0.014	 0.011	-0.010	-0.029	 0.077	 0.070	 0.073	 0.071	 0.043	 0.047	 0.042	 0.049	  7056	  5580	  8096	  7567	  8096	   04:12
 259	 0.035	-0.012	-0.012	 0.006	 0.003	-0.009	-0.018	-0.015	 0.079	 0.074	 0.078	 0.084	 0.060	 0.043	 0.045	 0.047	  5359	  7250	  8348	  7209	  8348	   03:44
 260	 0.020	 0.013	 0.013	 0.022	-0.023	 0.020	-0.007	 0.019	 0.067	 0.102	 0.102	 0.080	 0.049	 0.045	 0.048	 0.054	  7470	  5883	  7087	  7805	  7805	   03:48
 261	-0.012	-0.010	 0.017	 0.004	-0.002	-0.009	-0.014	-0.033	 0.067	 0.101	 0.091	 0.099	 0.051	 0.048	 0.041	 0.037	  7485	  5701	  7487	  7703	  7703	   03:58
 262	 0.006	 0.013	 0.006	-0.003	 0.019	-0.005	-0.002	 0.013	 0.073	 0.072	 0.086	 0.067	 0.049	 0.043	 0.043	 0.053	  6692	  6174	  7114	  8305	  8305	   03:40
 263	-0.017	-0.016	-0.010	 0.020	-0.006	-0.027	-0.032	 0.006	 0.075	 0.080	 0.076	 0.091	 0.042	 0.047	 0.045	 0.041	  6890	  6521	  8432	  6675	  8432	   03:44
 264	-0.034	 0.029	-0.009	 0.004	 0.008	-0.016	 0.003	-0.021	 0.065	 0.079	 0.067	 0.073	 0.039	 0.035	 0.047	 0.037	  7978	  4707	  8220	  7637	  8220	   04:06
 265	 0.003	 0.018	 0.014	 0.002	 0.015	-0.020	 0.033	 0.015	 0.079	 0.066	 0.076	 0.089	 0.050	 0.048	 0.041	 0.053	  6514	  6292	  7759	  7681	  7759	   03:58
 266	-0.004	 0.014	 0.000	 0.012	-0.023	 0.007	 0.021	-0.028	 0.100	 0.061	 0.073	 0.080	 0.045	 0.041	 0.043	 0.045	  6006	  6799	  8245	  7372	  8245	   04:08
 267	-0.016	-0.017	 0.023	-0.021	 0.020	-0.038	 0.017	-0.022	 0.060	 0.100	 0.094	 0.068	 0.046	 0.045	 0.044	 0.046	  7419	  5273	  6329	  9296	  9296	   03:58
 268	-0.027	-0.011	-0.026	 0.015	 0.010	 0.012	 0.028	-0.027	 0.089	 0.091	 0.081	 0.075	 0.045	 0.040	 0.038	 0.047	  6769	  5962	  8477	  7185	  8477	   04:02
 269	-0.008	 0.037	 0.009	-0.006	-0.004	 0.014	-0.003	-0.004	 0.100	 0.063	 0.065	 0.096	 0.045	 0.046	 0.043	 0.045	  6569	  6313	  8143	  7341	  8143	   04:06
 270	 0.001	 0.001	 0.021	-0.004	 0.018	 0.011	-0.027	-0.001	 0.089	 0.090	 0.101	 0.091	 0.045	 0.049	 0.038	 0.044	  6793	  6480	  6935	  8256	  8256	   04:18
 271	-0.015	 0.004	-0.019	-0.007	-0.005	 0.003	-0.013	-0.040	 0.064	 0.070	 0.078	 0.087	 0.044	 0.045	 0.042	 0.046	  7056	  5933	  8099	  7257	  8099	   03:42
 272	 0.005	 0.016	 0.029	-0.024	 0.012	 0.030	-0.046	-0.014	 0.071	 0.079	 0.094	 0.075	 0.048	 0.041	 0.038	 0.041	  7188	  6071	  6257	  9016	  9016	   04:24
 273	-0.005	-0.009	 0.007	-0.008	 0.011	 0.033	 0.000	 0.012	 0.079	 0.063	 0.082	 0.081	 0.056	 0.046	 0.037	 0.040	  6395	  7028	  7210	  7741	  7741	   03:42
 274	 0.005	-0.000	-0.029	-0.013	 0.003	-0.001	-0.020	-0.009	 0.082	 0.080	 0.075	 0.090	 0.053	 0.046	 0.041	 0.043	  6250	  6408	  8492	  7142	  8492	   03:34
 275	-0.019	 0.001	-0.020	 0.038	-0.018	 0.013	 0.000	-0.013	 0.065	 0.099	 0.084	 0.083	 0.053	 0.042	 0.053	 0.044	  7786	  5391	  8558	  6507	  8558	   03:56
 276	-0.012	 0.017	-0.008	-0.010	 0.009	-0.007	 0.000	 0.042	 0.089	 0.091	 0.072	 0.080	 0.049	 0.040	 0.042	 0.040	  7092	  5725	  7927	  7769	  7927	   03:42
 277	-0.020	-0.005	 0.009	 0.023	-0.003	 0.008	-0.009	 0.006	 0.072	 0.081	 0.074	 0.082	 0.045	 0.040	 0.044	 0.052	  7335	  6180	  7852	  7024	  7852	   03:50
 278	-0.000	 0.011	-0.018	 0.016	 0.011	 0.024	-0.003	 0.013	 0.081	 0.093	 0.089	 0.076	 0.046	 0.046	 0.039	 0.051	  7064	  5941	  7997	  7307	  7997	   03:36
 279	 0.027	 0.015	-0.028	-0.014	 0.000	 0.000	 0.005	 0.023	 0.092	 0.076	 0.080	 0.079	 0.048	 0.045	 0.045	 0.042	  5737	  6702	  8244	  7657	  8244	   03:40
 280	 0.031	 0.003	-0.003	-0.025	 0.009	 0.013	-0.010	-0.031	 0.077	 0.070	 0.071	 0.088	 0.043	 0.051	 0.051	 0.034	  5671	  6852	  7908	  7873	  7908	   03:32
 281	 0.017	 0.014	 0.003	-0.023	-0.000	 0.006	-0.000	 0.010	 0.088	 0.096	 0.070	 0.091	 0.044	 0.044	 0.050	 0.048	  6483	  6023	  7844	  7904	  7904	   03:30
 282	 0.025	-0.009	 0.021	-0.003	 0.012	-0.009	 0.019	 0.026	 0.076	 0.082	 0.075	 0.096	 0.047	 0.047	 0.046	 0.044	  6098	  6907	  7678	  7658	  7678	   03:42
 283	-0.008	-0.025	-0.010	 0.050	 0.011	 0.007	 0.020	 0.007	 0.089	 0.070	 0.078	 0.083	 0.045	 0.043	 0.047	 0.048	  6001	  7411	  8780	  6159	  8780	   03:30
 284	 0.008	 0.003	 0.004	-0.002	 0.024	-0.016	-0.016	 0.014	 0.095	 0.072	 0.054	 0.081	 0.053	 0.040	 0.042	 0.046	  5813	  6833	  8425	  7332	  8425	   03:28
 285	 0.003	-0.020	-0.009	-0.025	-0.036	-0.018	 0.009	-0.005	 0.074	 0.096	 0.082	 0.094	 0.044	 0.049	 0.046	 0.044	  6661	  6247	  7667	  7753	  7753	   03:50
 286	-0.008	 0.020	 0.018	-0.046	 0.032	-0.000	 0.027	-0.017	 0.092	 0.075	 0.075	 0.075	 0.047	 0.051	 0.041	 0.053	  6452	  5735	  6732	  9242	  9242	   03:30
 287	 0.018	-0.030	-0.003	 0.009	 0.001	-0.017	 0.016	 0.038	 0.086	 0.057	 0.081	 0.077	 0.045	 0.043	 0.049	 0.044	  5154	  8030	  7842	  7445	  8030	   03:44
 288	-0.007	-0.008	 0.008	-0.019	 0.020	 0.052	-0.015	-0.019	 0.068	 0.077	 0.083	 0.076	 0.051	 0.041	 0.046	 0.045	  6890	  6356	  6919	  8217	  8217	   03:50
 289	-0.007	 0.006	-0.007	-0.021	-0.010	 0.028	-0.007	 0.025	 0.083	 0.092	 0.091	 0.093	 0.035	 0.043	 0.049	 0.048	  7221	  6044	  7338	  7847	  7847	   03:44
 290	-0.006	-0.006	-0.007	 0.007	-0.019	 0.002	 0.006	-0.006	 0.073	 0.088	 0.078	 0.085	 0.047	 0.039	 0.047	 0.039	  6984	  6107	  8082	  7295	  8082	   03:48
 291	 0.007	 0.008	 0.009	 0.011	-0.005	 0.005	-0.010	-0.007	 0.085	 0.088	 0.084	 0.084	 0.043	 0.048	 0.047	 0.046	  6687	  6296	  7696	  7611	  7696	   03:46
 292	 0.014	-0.010	 0.006	 0.006	-0.005	 0.003	-0.022	-0.015	 0.087	 0.059	 0.074	 0.079	 0.048	 0.050	 0.044	 0.050	  5534	  7524	  7794	  7368	  7794	   03:46
 293	-0.016	-0.003	-0.002	-0.026	 0.005	-0.032	 0.003	-0.020	 0.085	 0.085	 0.073	 0.092	 0.038	 0.044	 0.044	 0.043	  6652	  5924	  7884	  7968	  7968	   03:44
 294	 0.018	-0.003	-0.015	-0.017	-0.002	-0.002	 0.013	 0.005	 0.066	 0.074	 0.079	 0.076	 0.048	 0.042	 0.040	 0.048	  6266	  6475	  7702	  7885	  7885	   03:50
 295	 0.002	 0.000	 0.032	-0.008	-0.022	 0.016	 0.011	-0.005	 0.070	 0.090	 0.085	 0.069	 0.047	 0.042	 0.050	 0.041	  7203	  5956	  6426	  8754	  8754	   03:56
 296	 0.004	-0.006	 0.016	 0.006	-0.002	 0.042	 0.019	-0.023	 0.085	 0.071	 0.077	 0.070	 0.045	 0.043	 0.044	 0.046	  6177	  6964	  7317	  7959	  7959	   04:10
 297	 0.003	 0.004	 0.002	 0.013	-0.010	 0.008	 0.023	-0.003	 0.082	 0.065	 0.078	 0.077	 0.044	 0.047	 0.043	 0.045	  6302	  6777	  7855	  7450	  7855	   03:28
 298	 0.007	 0.005	 0.010	 0.018	-0.037	-0.015	-0.014	-0.020	 0.076	 0.060	 0.080	 0.067	 0.049	 0.050	 0.044	 0.043	  6329	  6815	  7466	  7684	  7684	   03:38
 299	-0.011	 0.022	-0.008	 0.009	 0.039	-0.021	-0.009	-0.002	 0.082	 0.071	 0.080	 0.093	 0.046	 0.044	 0.048	 0.041	  6839	  5905	  8429	  7243	  8429	   03:52
 300	-0.005	 0.023	 0.025	-0.027	 0.008	 0.012	 0.014	 0.006	 0.097	 0.078	 0.073	 0.083	 0.044	 0.040	 0.040	 0.050	  6663	  6101	  7025	  8616	  8616	   03:48
 301	 0.013	-0.015	-0.004	-0.011	-0.011	-0.005	-0.017	 0.025	 0.054	 0.088	 0.078	 0.081	 0.046	 0.047	 0.042	 0.046	  6986	  6286	  7475	  7666	  7666	   03:38
 302	-0.007	 0.004	-0.028	 0.004	 0.036	-0.020	-0.009	-0.003	 0.068	 0.068	 0.088	 0.066	 0.045	 0.040	 0.050	 0.040	  6655	  6007	  8017	  7768	  8017	   03:26
 303	 0.007	-0.012	-0.030	 0.003	-0.013	 0.003	 0.004	-0.005	 0.079	 0.076	 0.070	 0.068	 0.047	 0.047	 0.054	 0.045	  5950	  6635	  8431	  7157	  8431	   03:48
 304	-0.028	-0.004	 0.008	 0.005	 0.004	 0.000	-0.009	-0.011	 0.072	 0.088	 0.091	 0.090	 0.050	 0.041	 0.044	 0.037	  7601	  5751	  7436	  7708	  7708	   03:42
 305	-0.015	-0.008	 0.006	 0.003	-0.024	 0.000	 0.008	-0.012	 0.082	 0.071	 0.067	 0.088	 0.041	 0.048	 0.051	 0.043	  6610	  6577	  7990	  7148	  7990	   03:46
 306	 0.038	-0.008	 0.018	 0.025	 0.016	 0.012	 0.001	 0.025	 0.089	 0.087	 0.071	 0.076	 0.048	 0.050	 0.046	 0.039	  5644	  7303	  8003	  7377	  8003	   03:40
 307	 0.017	-0.003	-0.029	 0.011	 0.020	-0.035	-0.006	 0.014	 0.088	 0.090	 0.085	 0.090	 0.043	 0.047	 0.048	 0.047	  5995	  6587	  8789	  7006	  8789	   03:52
 308	-0.001	 0.007	-0.000	-0.045	 0.009	-0.004	-0.031	 0.011	 0.091	 0.085	 0.082	 0.083	 0.044	 0.046	 0.048	 0.045	  6541	  6146	  7004	  8654	  8654	   05:43
 309	 0.010	-0.031	 0.009	 0.026	 0.015	-0.021	 0.019	 0.019	 0.076	 0.073	 0.084	 0.095	 0.041	 0.046	 0.048	 0.046	  5924	  7454	  8105	  6943	  8105	   03:24
 310	 0.009	-0.016	-0.004	 0.009	 0.016	 0.013	-0.006	-0.009	 0.064	 0.077	 0.071	 0.089	 0.043	 0.054	 0.045	 0.046	  6449	  6730	  8229	  6854	  8229	   03:20
 311	 0.011	 0.012	-0.010	-0.042	-0.039	 0.003	 0.002	-0.005	 0.080	 0.071	 0.095	 0.080	 0.040	 0.044	 0.049	 0.045	  6448	  6380	  6826	  8679	  8679	   05:45
 312	 0.023	-0.001	 0.014	 0.007	 0.021	-0.015	-0.006	-0.011	 0.064	 0.065	 0.100	 0.088	 0.047	 0.046	 0.038	 0.052	  6267	  6888	  7245	  7935	  7935	   03:40
 313	-0.006	 0.044	 0.004	-0.008	-0.003	 0.008	 0.009	 0.007	 0.060	 0.069	 0.083	 0.085	 0.043	 0.038	 0.044	 0.039	  7867	  5211	  7436	  7984	  7984	   03:24
 314	 0.004	 0.002	 0.004	 0.020	-0.004	-0.010	 0.004	 0.016	 0.097	 0.069	 0.080	 0.068	 0.044	 0.039	 0.041	 0.045	  5980	  7054	  7816	  7681	  7816	   03:46
 315	 0.016	-0.008	 0.022	-0.012	-0.016	 0.036	 0.014	-0.023	 0.079	 0.081	 0.093	 0.074	 0.048	 0.044	 0.045	 0.047	  6319	  6807	  6544	  8644	  8644	   03:46
 316	-0.016	-0.014	-0.006	 0.010	-0.016	-0.019	-0.011	 0.033	 0.081	 0.073	 0.088	 0.098	 0.041	 0.045	 0.043	 0.037	  6813	  6874	  7963	  7051	  7963	   03:28
 317	 0.018	 0.012	-0.011	-0.003	-0.010	 0.005	 0.012	-0.020	 0.080	 0.082	 0.080	 0.097	 0.043	 0.046	 0.041	 0.049	  6363	  6358	  8361	  7272	  8361	   03:44
 318	 0.005	 0.009	-0.012	 0.010	 0.004	-0.014	-0.024	-0.007	 0.092	 0.079	 0.062	 0.085	 0.045	 0.040	 0.049	 0.043	  6170	  6479	  8841	  6891	  8841	   03:42
 319	-0.004	 0.040	 0.010	-0.005	 0.006	-0.004	 0.022	 0.012	 0.098	 0.071	 0.082	 0.067	 0.042	 0.039	 0.050	 0.038	  6695	  5866	  7308	  8614	  8614	   03:32
 320	 0.008	 0.030	-0.013	-0.016	 0.004	 0.000	 0.019	 0.004	 0.078	 0.075	 0.066	 0.083	 0.042	 0.045	 0.044	 0.044	  6652	  5751	  8287	  7665	  8287	   03:16
 321	 0.016	 0.022	-0.016	 0.024	 0.004	-0.009	 0.013	-0.020	 0.070	 0.083	 0.086	 0.077	 0.044	 0.034	 0.043	 0.044	  6790	  5831	  8490	  7386	  8490	   03:25
 322	-0.006	 0.018	 0.014	-0.011	 0.011	-0.031	 0.000	 0.009	 0.089	 0.079	 0.065	 0.082	 0.042	 0.037	 0.049	 0.049	  6656	  5955	  7806	  8055	  8055	   03:19
 323	 0.006	-0.015	-0.006	-0.021	-0.021	 0.010	-0.020	 0.023	 0.073	 0.083	 0.093	 0.074	 0.050	 0.046	 0.046	 0.052	  6602	  6613	  6822	  8203	  8203	   03:19
 324	 0.004	-0.043	 0.011	 0.011	 0.017	-0.006	 0.002	 0.028	 0.083	 0.097	 0.072	 0.081	 0.048	 0.051	 0.048	 0.044	  6079	  7081	  7798	  7352	  7798	   03:24
 325	-0.006	-0.010	-0.010	-0.014	-0.001	 0.012	-0.005	 0.009	 0.086	 0.093	 0.083	 0.072	 0.047	 0.053	 0.043	 0.038	  6641	  6224	  7395	  8049	  8049	   03:19
 326	 0.010	 0.031	-0.027	-0.010	-0.011	-0.004	 0.018	-0.008	 0.084	 0.099	 0.080	 0.079	 0.038	 0.047	 0.040	 0.051	  6926	  5293	  8368	  7803	  8368	   03:32
 327	-0.014	 0.003	-0.033	-0.007	 0.008	-0.009	 0.009	-0.015	 0.066	 0.083	 0.074	 0.077	 0.052	 0.041	 0.042	 0.039	  7033	  5482	  8448	  7392	  8448	   03:30
 328	-0.003	 0.010	 0.003	-0.011	-0.016	 0.015	 0.031	-0.008	 0.086	 0.084	 0.082	 0.076	 0.044	 0.050	 0.042	 0.044	  6759	  6003	  7369	  8186	  8186	   03:21
 329	-0.003	-0.010	-0.003	-0.011	-0.005	-0.013	 0.026	-0.005	 0.078	 0.095	 0.063	 0.077	 0.051	 0.047	 0.049	 0.041	  6549	  5844	  8082	  7759	  8082	   03:19
 330	 0.000	 0.001	 0.006	 0.033	-0.029	-0.015	 0.020	 0.002	 0.079	 0.073	 0.077	 0.075	 0.047	 0.045	 0.047	 0.038	  6634	  6576	  8091	  7177	  8091	   03:24
 331	-0.036	-0.015	-0.025	 0.011	-0.012	 0.006	-0.012	-0.011	 0.085	 0.084	 0.076	 0.093	 0.040	 0.042	 0.044	 0.044	  7093	  6248	  8616	  6507	  8616	   03:26
 332	 0.026	 0.007	-0.017	 0.035	-0.015	-0.013	-0.006	 0.013	 0.083	 0.061	 0.087	 0.085	 0.047	 0.039	 0.046	 0.046	  5778	  7357	  8652	  6681	  8652	   03:26
 333	-0.007	-0.014	-0.002	-0.009	-0.029	-0.014	-0.016	-0.007	 0.086	 0.083	 0.070	 0.088	 0.049	 0.040	 0.041	 0.051	  6405	  6582	  7967	  7388	  7967	   03:16
 334	-0.016	-0.027	-0.001	-0.014	 0.008	-0.002	-0.020	 0.014	 0.077	 0.069	 0.085	 0.067	 0.047	 0.044	 0.056	 0.050	  6370	  6825	  6926	  8126	  8126	   03:19
 335	 0.010	 0.018	 0.022	-0.012	-0.004	-0.004	 0.013	-0.002	 0.064	 0.067	 0.081	 0.092	 0.052	 0.043	 0.046	 0.047	  6901	  6134	  7179	  8044	  8044	   03:11
 336	 0.007	 0.013	 0.001	 0.007	 0.000	-0.007	-0.001	-0.009	 0.076	 0.086	 0.095	 0.069	 0.050	 0.044	 0.051	 0.052	  6825	  5851	  7261	  8205	  8205	   03:13
 337	-0.009	-0.008	-0.005	 0.013	-0.010	-0.006	-0.002	 0.003	 0.092	 0.070	 0.064	 0.075	 0.050	 0.050	 0.042	 0.041	  6092	  6855	  8311	  7056	  8311	   03:36
 338	 0.009	 0.003	 0.001	-0.007	-0.038	 0.021	-0.015	 0.005	 0.071	 0.092	 0.092	 0.091	 0.043	 0.038	 0.048	 0.049	  7215	  6210	  7307	  7716	  7716	   03:50
 339	-0.008	 0.013	-0.013	 0.012	 0.029	-0.008	 0.013	-0.007	 0.080	 0.085	 0.076	 0.072	 0.051	 0.045	 0.037	 0.046	  6850	  5667	  8271	  7538	  8271	   03:30
 340	-0.020	-0.002	-0.008	 0.022	 0.012	 0.031	-0.018	 0.010	 0.087	 0.076	 0.081	 0.073	 0.047	 0.043	 0.048	 0.045	  6873	  6520	  7915	  7057	  7915	   03:34
 341	-0.008	 0.009	-0.012	-0.011	 0.012	 0.021	-0.038	 0.002	 0.077	 0.081	 0.065	 0.082	 0.044	 0.044	 0.050	 0.045	  6995	  5986	  8106	  7279	  8106	   03:24
 342	-0.010	-0.001	 0.019	-0.008	 0.020	 0.016	 0.018	-0.014	 0.083	 0.060	 0.075	 0.088	 0.044	 0.050	 0.051	 0.039	  6321	  6766	  7390	  7801	  7801	   03:17
 343	 0.002	 0.019	 0.018	-0.011	-0.010	-0.017	 0.004	-0.008	 0.093	 0.109	 0.072	 0.090	 0.042	 0.039	 0.046	 0.044	  7020	  5446	  7794	  8190	  8190	   03:42
 344	 0.014	-0.020	-0.010	 0.032	-0.030	 0.002	-0.016	-0.038	 0.077	 0.076	 0.075	 0.072	 0.044	 0.044	 0.044	 0.040	  5932	  7188	  8460	  6832	  8460	   03:26
 345	-0.025	-0.029	-0.035	-0.041	-0.002	 0.010	-0.006	 0.027	 0.077	 0.080	 0.065	 0.044	 0.042	 0.049	 0.037	 0.042	  6550	  6230	  7219	  8367	  8367	   03:12
 346	 0.004	 0.000	 0.010	 0.017	 0.005	 0.023	-0.008	-0.011	 0.089	 0.093	 0.070	 0.078	 0.049	 0.042	 0.040	 0.047	  6545	  6401	  8042	  7392	  8042	   03:28
 347	-0.041	-0.007	 0.007	 0.006	-0.025	 0.015	-0.042	 0.004	 0.088	 0.071	 0.072	 0.083	 0.051	 0.041	 0.046	 0.041	  7242	  6510	  7590	  7131	  7590	   03:38
 348	-0.035	 0.026	 0.005	 0.008	-0.018	 0.026	 0.003	 0.005	 0.077	 0.093	 0.076	 0.070	 0.046	 0.037	 0.040	 0.046	  8262	  4925	  7454	  7809	  8262	   03:22
 349	-0.011	 0.008	-0.017	-0.000	 0.025	 0.015	-0.003	-0.026	 0.090	 0.074	 0.077	 0.090	 0.046	 0.043	 0.044	 0.048	  6444	  6300	  8423	  7139	  8423	   03:46
 350	-0.039	-0.007	 0.014	-0.001	 0.002	-0.016	 0.003	 0.034	 0.087	 0.083	 0.062	 0.065	 0.054	 0.045	 0.037	 0.042	  7235	  5932	  7374	  7944	  7944	   03:40
 351	 0.021	 0.016	 0.023	-0.017	-0.023	 0.004	 0.019	-0.014	 0.095	 0.092	 0.069	 0.078	 0.042	 0.048	 0.049	 0.046	  6201	  6174	  7398	  8480	  8480	   03:50
 352	-0.010	-0.013	-0.007	 0.005	-0.044	-0.011	-0.016	-0.024	 0.078	 0.068	 0.072	 0.070	 0.053	 0.046	 0.051	 0.046	  6376	  6653	  7799	  7361	  7799	   03:30
 353	-0.013	-0.006	 0.025	 0.003	 0.010	-0.003	-0.005	 0.016	 0.072	 0.068	 0.084	 0.068	 0.047	 0.044	 0.043	 0.042	  6931	  6502	  6728	  8292	  8292	   03:50
 354	-0.022	-0.013	 0.001	-0.008	-0.017	-0.000	-0.045	-0.016	 0.083	 0.072	 0.082	 0.063	 0.046	 0.050	 0.042	 0.047	  6685	  6555	  6999	  8096	  8096	   03:44
 355	-0.000	 0.019	-0.009	 0.010	-0.016	 0.002	-0.015	-0.030	 0.087	 0.087	 0.083	 0.063	 0.049	 0.047	 0.043	 0.047	  6728	  5782	  7768	  7951	  7951	   03:30
 356	-0.006	-0.015	-0.025	-0.001	 0.003	-0.028	-0.002	 0.012	 0.074	 0.079	 0.092	 0.052	 0.052	 0.047	 0.043	 0.050	  6443	  6302	  7329	  8202	  8202	   03:32
 357	-0.010	-0.004	 0.028	-0.023	 0.008	 0.016	-0.012	 0.029	 0.080	 0.075	 0.079	 0.079	 0.047	 0.045	 0.044	 0.051	  6879	  6499	  6518	  8443	  8443	   03:26
 358	-0.009	-0.001	 0.002	 0.011	 0.023	 0.039	-0.011	-0.024	 0.085	 0.092	 0.082	 0.081	 0.043	 0.048	 0.042	 0.039	  6903	  6199	  7833	  7540	  7833	   03:19
 359	 0.006	 0.015	 0.040	 0.017	-0.017	 0.014	 0.002	-0.001	 0.090	 0.089	 0.087	 0.082	 0.041	 0.043	 0.035	 0.048	  7001	  6379	  7001	  8140	  8140	   03:32
 360	 0.001	-0.004	 0.034	-0.026	-0.015	-0.000	-0.032	 0.003	 0.094	 0.076	 0.069	 0.088	 0.042	 0.050	 0.043	 0.043	  6256	  6932	  6939	  8310	  8310	   03:30
 361	-0.022	 0.001	 0.004	 0.000	-0.007	-0.000	-0.017	-0.009	 0.073	 0.065	 0.085	 0.083	 0.047	 0.053	 0.042	 0.046	  7085	  6314	  7323	  7572	  7572	   03:18
 362	 0.016	 0.019	-0.021	-0.001	-0.020	 0.014	 0.010	-0.017	 0.094	 0.073	 0.078	 0.073	 0.043	 0.042	 0.047	 0.045	  5924	  6528	  8274	  7642	  8274	   03:30
 363	-0.002	 0.022	 0.028	 0.028	-0.014	-0.012	-0.003	 0.018	 0.084	 0.083	 0.079	 0.084	 0.047	 0.040	 0.045	 0.050	  7188	  6062	  7633	  7534	  7633	   05:30
 364	-0.010	-0.011	 0.001	-0.004	 0.016	 0.034	 0.005	 0.008	 0.074	 0.071	 0.084	 0.084	 0.039	 0.044	 0.049	 0.043	  6753	  6705	  7396	  7555	  7555	   03:12
 365	-0.007	 0.026	-0.010	-0.016	 0.005	 0.019	-0.008	 0.002	 0.092	 0.086	 0.091	 0.059	 0.053	 0.046	 0.037	 0.046	  6945	  5608	  7000	  8721	  8721	   07:49
 366	-0.020	 0.026	 0.013	-0.054	-0.012	-0.025	 0.006	-0.013	 0.070	 0.085	 0.063	 0.063	 0.044	 0.052	 0.050	 0.056	  7504	  4646	  6597	  9333	  9333	   04:36
 367	 0.021	-0.033	 0.002	-0.005	-0.002	 0.018	-0.002	 0.011	 0.081	 0.070	 0.098	 0.072	 0.046	 0.049	 0.045	 0.049	  5515	  7748	  6894	  8103	  8103	   05:02
 368	 0.021	 0.004	 0.001	 0.015	 0.017	-0.014	-0.017	-0.010	 0.091	 0.085	 0.066	 0.099	 0.049	 0.042	 0.041	 0.045	  5939	  6785	  8900	  6805	  8900	   03:46
 369	-0.005	 0.009	 0.014	-0.023	 0.001	-0.013	 0.002	 0.002	 0.097	 0.077	 0.074	 0.086	 0.046	 0.035	 0.044	 0.045	  6335	  6381	  7438	  8320	  8320	   03:32
 370	 0.011	-0.002	 0.012	-0.002	-0.026	 0.014	 0.023	-0.006	 0.097	 0.062	 0.086	 0.071	 0.045	 0.048	 0.047	 0.047	  5675	  7295	  7110	  8177	  8177	   03:32
 371	-0.016	 0.025	-0.015	-0.005	 0.005	 0.018	-0.001	-0.002	 0.076	 0.081	 0.059	 0.081	 0.040	 0.045	 0.051	 0.045	  7304	  5358	  8460	  7172	  8460	   03:32
 372	 0.018	 0.009	-0.021	-0.011	 0.011	-0.016	 0.038	 0.010	 0.082	 0.077	 0.086	 0.087	 0.046	 0.043	 0.045	 0.042	  6011	  6391	  8221	  7755	  8221	   03:38
 373	-0.003	 0.012	 0.012	 0.014	 0.007	-0.029	 0.007	-0.021	 0.081	 0.091	 0.089	 0.090	 0.046	 0.046	 0.043	 0.043	  7000	  5782	  7827	  7782	  7827	   03:38
 374	 0.004	 0.017	 0.038	-0.005	 0.010	 0.025	 0.000	 0.037	 0.075	 0.076	 0.083	 0.100	 0.043	 0.047	 0.046	 0.049	  7234	  6360	  6913	  7862	  7862	   03:32
 375	-0.022	-0.017	 0.004	 0.001	-0.023	-0.010	-0.017	 0.001	 0.083	 0.099	 0.092	 0.086	 0.043	 0.050	 0.041	 0.045	  7274	  6087	  7296	  7744	  7744	   05:56
 376	-0.018	-0.013	 0.040	 0.010	 0.016	-0.022	 0.005	 0.022	 0.073	 0.071	 0.078	 0.086	 0.040	 0.046	 0.043	 0.045	  7010	  6621	  7036	  7921	  7921	   05:39
 377	-0.019	 0.013	 0.007	 0.024	-0.022	-0.002	-0.004	 0.010	 0.068	 0.080	 0.095	 0.082	 0.046	 0.046	 0.047	 0.043	  7851	  5748	  7369	  7446	  7851	   03:26
 378	 0.003	 0.017	-0.026	-0.009	-0.009	 0.004	 0.003	-0.001	 0.069	 0.090	 0.072	 0.098	 0.051	 0.047	 0.043	 0.040	  7124	  5538	  8684	  6957	  8684	   03:26
 379	 0.016	 0.017	 0.006	-0.007	-0.002	 0.011	-0.001	-0.004	 0.065	 0.084	 0.095	 0.095	 0.047	 0.042	 0.039	 0.041	  7138	  6004	  7388	  7953	  7953	   03:36
 380	 0.010	-0.017	 0.001	-0.024	 0.003	 0.020	-0.013	 0.008	 0.069	 0.098	 0.091	 0.072	 0.048	 0.049	 0.044	 0.040	  6788	  6215	  6764	  8557	  8557	   03:26
 381	-0.014	-0.013	-0.026	 0.008	 0.011	 0.022	-0.012	 0.017	 0.076	 0.069	 0.086	 0.066	 0.042	 0.042	 0.048	 0.044	  6628	  6706	  7779	  7304	  7779	   03:12
 382	-0.018	-0.008	-0.016	-0.028	-0.031	 0.029	 0.044	 0.063	 0.082	 0.088	 0.076	 0.076	 0.049	 0.049	 0.044	 0.043	  7197	  6063	  7312	  7856	  7856	   03:24
 383	 0.001	-0.007	-0.002	 0.007	 0.009	-0.025	-0.010	-0.014	 0.107	 0.074	 0.084	 0.086	 0.044	 0.048	 0.050	 0.045	  5576	  7099	  8083	  7512	  8083	   03:17
 384	-0.015	 0.025	 0.007	 0.031	 0.002	 0.009	-0.005	 0.014	 0.079	 0.074	 0.088	 0.067	 0.040	 0.045	 0.048	 0.046	  7455	  5888	  7494	  7607	  7607	   03:18
 385	-0.007	 0.011	-0.017	 0.003	-0.016	 0.008	 0.015	-0.013	 0.066	 0.048	 0.088	 0.105	 0.050	 0.049	 0.046	 0.046	  6769	  6696	  8156	  6649	  8156	   04:04
 386	-0.002	-0.021	-0.006	-0.022	 0.030	-0.031	 0.021	 0.015	 0.092	 0.075	 0.088	 0.071	 0.039	 0.049	 0.050	 0.044	  5716	  6893	  7227	  8541	  8541	   03:22
 387	-0.011	-0.023	-0.011	-0.008	 0.012	 0.011	 0.027	 0.002	 0.071	 0.089	 0.089	 0.083	 0.055	 0.048	 0.046	 0.048	  6772	  6191	  7494	  7685	  7685	   03:15
 388	-0.004	 0.006	-0.007	 0.006	 0.030	-0.008	-0.030	 0.028	 0.061	 0.098	 0.083	 0.076	 0.042	 0.045	 0.045	 0.045	  7660	  5440	  7775	  7666	  7775	   03:11
 389	 0.008	-0.013	 0.019	-0.014	-0.018	 0.000	 0.024	-0.000	 0.082	 0.089	 0.076	 0.083	 0.047	 0.046	 0.045	 0.043	  6375	  6514	  7251	  8185	  8185	   03:18
 390	-0.003	-0.004	 0.001	-0.036	-0.008	 0.018	-0.021	 0.020	 0.077	 0.091	 0.087	 0.071	 0.052	 0.044	 0.034	 0.049	  6995	  6055	  6579	  8725	  8725	   03:19
 391	-0.005	-0.001	 0.012	 0.016	-0.022	 0.011	-0.011	-0.027	 0.094	 0.106	 0.072	 0.078	 0.043	 0.045	 0.042	 0.049	  6841	  6014	  7958	  7551	  7958	   03:18
 392	-0.004	 0.007	 0.013	-0.029	-0.007	-0.008	 0.017	 0.004	 0.055	 0.092	 0.080	 0.066	 0.041	 0.041	 0.048	 0.042	  7656	  5150	  6597	  9004	  9004	   03:19
 393	-0.011	 0.002	-0.021	 0.002	 0.031	-0.001	 0.020	 0.026	 0.074	 0.076	 0.080	 0.073	 0.048	 0.044	 0.040	 0.041	  6807	  6064	  8036	  7533	  8036	   03:17
 394	 0.000	-0.018	 0.007	 0.004	 0.002	-0.006	 0.012	 0.003	 0.081	 0.083	 0.046	 0.103	 0.040	 0.054	 0.042	 0.040	  6229	  6761	  8943	  6443	  8943	   03:30
 395	-0.014	-0.003	 0.019	 0.031	-0.000	 0.018	-0.011	-0.001	 0.086	 0.084	 0.073	 0.084	 0.041	 0.044	 0.042	 0.044	  7005	  6540	  7959	  7016	  7959	   03:21
 396	 0.014	 0.040	-0.035	-0.019	 0.004	 0.004	 0.017	 0.003	 0.077	 0.078	 0.099	 0.089	 0.047	 0.047	 0.046	 0.047	  6842	  5567	  7972	  7851	  7972	   03:21
 397	-0.001	 0.036	 0.001	-0.031	 0.013	 0.019	-0.001	-0.013	 0.080	 0.066	 0.085	 0.093	 0.046	 0.041	 0.048	 0.044	  6901	  5834	  7347	  8276	  8276	   03:11
 398	-0.000	 0.015	 0.008	 0.003	 0.025	-0.003	 0.007	-0.007	 0.084	 0.089	 0.087	 0.076	 0.050	 0.051	 0.047	 0.052	  6816	  5757	  7404	  8128	  8128	   03:05
 399	 0.001	-0.004	-0.015	-0.001	 0.027	-0.029	-0.013	-0.012	 0.075	 0.089	 0.060	 0.080	 0.044	 0.049	 0.047	 0.044	  6490	  5926	  8700	  7226	  8700	   03:06
 400	 0.020	 0.004	 0.018	 0.009	-0.015	 0.010	-0.027	 0.032	 0.070	 0.092	 0.074	 0.091	 0.049	 0.042	 0.046	 0.039	  6991	  6438	  7721	  7381	  7721	   03:09
 401	-0.005	-0.002	 0.031	-0.011	-0.015	 0.006	 0.015	-0.001	 0.084	 0.084	 0.081	 0.091	 0.040	 0.043	 0.045	 0.046	  6871	  6399	  6988	  8196	  8196	   03:16
 402	-0.015	 0.001	-0.020	 0.025	 0.010	 0.014	-0.003	-0.008	 0.072	 0.087	 0.071	 0.084	 0.047	 0.042	 0.045	 0.041	  7188	  5864	  8793	  6538	  8793	   03:13
 403	 0.024	 0.000	 0.018	-0.012	 0.018	 0.005	-0.004	 0.022	 0.082	 0.093	 0.061	 0.079	 0.049	 0.041	 0.039	 0.052	  6255	  6461	  7667	  7961	  7961	   03:09
 404	-0.004	-0.010	-0.008	 0.010	 0.019	 0.016	 0.009	 0.010	 0.080	 0.080	 0.079	 0.077	 0.046	 0.038	 0.042	 0.046	  6516	  6575	  7971	  7350	  7971	   03:07
 405	-0.012	 0.007	 0.005	-0.021	-0.018	 0.010	 0.017	 0.026	 0.090	 0.082	 0.084	 0.089	 0.046	 0.045	 0.048	 0.044	  6920	  6172	  7205	  8041	  8041	   03:17
 406	 0.008	 0.001	 0.011	 0.012	 0.009	-0.003	-0.009	-0.018	 0.065	 0.080	 0.072	 0.079	 0.044	 0.034	 0.046	 0.041	  6790	  6218	  7936	  7588	  7936	   03:28
 407	 0.020	 0.002	 0.002	 0.014	 0.019	-0.006	 0.041	-0.022	 0.070	 0.078	 0.066	 0.085	 0.049	 0.044	 0.039	 0.047	  6126	  6332	  8622	  7226	  8622	   03:20
 408	 0.013	 0.020	 0.032	 0.002	 0.003	 0.016	-0.019	-0.009	 0.081	 0.091	 0.080	 0.075	 0.046	 0.046	 0.050	 0.042	  6937	  5928	  7021	  8405	  8405	   03:13
 409	-0.005	 0.001	 0.017	-0.009	-0.002	-0.022	 0.004	-0.026	 0.081	 0.076	 0.094	 0.069	 0.047	 0.044	 0.041	 0.048	  6595	  6203	  6704	  8806	  8806	   03:09
 410	 0.016	-0.014	-0.008	 0.011	-0.002	-0.009	 0.021	 0.000	 0.075	 0.075	 0.079	 0.081	 0.044	 0.041	 0.046	 0.040	  5980	  6934	  8215	  7341	  8215	   03:20
 411	 0.007	 0.022	 0.010	-0.017	 0.046	 0.008	-0.012	 0.017	 0.078	 0.085	 0.081	 0.084	 0.042	 0.053	 0.048	 0.041	  6952	  5752	  7381	  8286	  8286	   03:03
 412	-0.051	 0.001	 0.004	 0.015	 0.000	 0.006	 0.006	-0.004	 0.088	 0.087	 0.075	 0.068	 0.038	 0.043	 0.043	 0.043	  7715	  5517	  7607	  7631	  7715	   03:07
 413	-0.027	-0.019	 0.010	 0.004	 0.001	-0.001	 0.009	 0.008	 0.070	 0.093	 0.080	 0.089	 0.043	 0.048	 0.055	 0.045	  7473	  5872	  7489	  7444	  7489	   03:09
 414	 0.023	-0.022	 0.017	-0.019	-0.030	 0.020	 0.020	 0.005	 0.083	 0.091	 0.083	 0.075	 0.040	 0.039	 0.051	 0.045	  6049	  6962	  6864	  8508	  8508	   03:17
 415	 0.027	 0.007	 0.010	-0.011	 0.005	-0.007	 0.002	 0.001	 0.082	 0.072	 0.074	 0.069	 0.041	 0.045	 0.046	 0.047	  5848	  6772	  7400	  8350	  8350	   03:07
 416	 0.034	 0.038	-0.002	-0.010	-0.006	 0.001	 0.011	 0.017	 0.067	 0.080	 0.074	 0.066	 0.043	 0.044	 0.047	 0.046	  6727	  5731	  7597	  8316	  8316	   03:19
 417	 0.008	-0.036	-0.003	-0.007	 0.001	-0.004	-0.008	 0.016	 0.090	 0.079	 0.085	 0.082	 0.046	 0.044	 0.046	 0.043	  5592	  7511	  7569	  7709	  7709	   03:07
 418	 0.021	 0.013	-0.027	-0.013	-0.000	-0.011	 0.022	 0.020	 0.078	 0.085	 0.080	 0.094	 0.042	 0.043	 0.044	 0.046	  6346	  6214	  8517	  7374	  8517	   03:09
 419	-0.009	 0.017	 0.029	 0.004	 0.013	 0.026	-0.015	 0.021	 0.090	 0.083	 0.072	 0.082	 0.041	 0.048	 0.050	 0.047	  7100	  6141	  7287	  7796	  7796	   03:09
 420	-0.031	 0.001	 0.003	 0.008	 0.011	 0.021	-0.025	-0.017	 0.072	 0.091	 0.080	 0.072	 0.052	 0.050	 0.045	 0.046	  7699	  5432	  7437	  7665	  7699	   03:07
 421	 0.013	 0.008	-0.003	-0.016	 0.005	 0.013	 0.009	-0.019	 0.084	 0.097	 0.085	 0.087	 0.048	 0.046	 0.040	 0.046	  6569	  5967	  7666	  8084	  8084	   03:09
 422	-0.011	-0.004	-0.014	 0.005	-0.017	-0.017	 0.005	 0.028	 0.087	 0.075	 0.087	 0.090	 0.048	 0.050	 0.045	 0.039	  6592	  6615	  8001	  7212	  8001	   03:10
 423	 0.024	 0.003	 0.004	-0.018	-0.005	 0.030	 0.017	 0.013	 0.051	 0.086	 0.082	 0.081	 0.046	 0.043	 0.047	 0.051	  7092	  5993	  7114	  8059	  8059	   03:13
 424	 0.002	-0.007	 0.019	 0.017	-0.008	 0.016	 0.004	 0.019	 0.101	 0.082	 0.087	 0.070	 0.048	 0.045	 0.038	 0.044	  6203	  7071	  7202	  7975	  7975	   03:26
 425	 0.012	 0.004	-0.017	-0.017	 0.004	 0.003	-0.015	 0.011	 0.081	 0.061	 0.070	 0.082	 0.036	 0.037	 0.051	 0.048	  5937	  6936	  8102	  7453	  8102	   03:11
 426	 0.012	 0.012	-0.045	-0.018	-0.003	 0.038	-0.037	-0.015	 0.098	 0.077	 0.066	 0.081	 0.039	 0.042	 0.042	 0.043	  5895	  6730	  8832	  7000	  8832	   03:26
 427	 0.004	 0.006	 0.020	-0.017	-0.011	-0.011	-0.039	-0.003	 0.057	 0.086	 0.089	 0.089	 0.050	 0.047	 0.048	 0.053	  7456	  5748	  6791	  8230	  8230	   03:17
 428	 0.011	-0.006	 0.025	 0.030	-0.029	 0.030	-0.023	-0.010	 0.068	 0.072	 0.075	 0.077	 0.044	 0.045	 0.044	 0.045	  6789	  7092	  7485	  7145	  7485	   03:14
 429	-0.029	-0.016	 0.020	 0.039	 0.012	 0.003	 0.007	 0.001	 0.068	 0.080	 0.092	 0.102	 0.043	 0.046	 0.041	 0.047	  7609	  6435	  7765	  6728	  7765	   03:30
 430	 0.018	 0.023	-0.025	 0.031	-0.012	-0.009	 0.010	 0.007	 0.093	 0.089	 0.068	 0.097	 0.048	 0.037	 0.049	 0.046	  6265	  6231	  9662	  6189	  9662	   03:30
 431	 0.004	-0.018	-0.002	 0.004	-0.035	-0.030	 0.011	 0.020	 0.069	 0.086	 0.073	 0.080	 0.046	 0.048	 0.059	 0.048	  6636	  6399	  7846	  7361	  7846	   05:19
 432	-0.016	 0.011	 0.013	-0.002	-0.001	-0.004	-0.013	 0.011	 0.073	 0.090	 0.104	 0.090	 0.044	 0.041	 0.045	 0.044	  7755	  5639	  6901	  8218	  8218	   05:04
 433	 0.013	-0.006	 0.005	 0.000	-0.001	-0.007	-0.029	-0.012	 0.086	 0.080	 0.076	 0.079	 0.049	 0.044	 0.048	 0.047	  6024	  6801	  7754	  7691	  7754	   05:47
 434	 0.006	-0.019	 0.005	 0.017	-0.026	-0.001	 0.016	-0.003	 0.084	 0.073	 0.078	 0.074	 0.044	 0.048	 0.047	 0.040	  6021	  7145	  7790	  7417	  7790	   03:20
 435	-0.020	 0.027	 0.005	-0.003	 0.004	-0.014	-0.009	 0.006	 0.092	 0.093	 0.091	 0.088	 0.046	 0.040	 0.051	 0.049	  7446	  5331	  7489	  8038	  8038	   06:45
 436	-0.001	 0.022	 0.004	 0.006	-0.004	 0.017	-0.001	 0.013	 0.088	 0.072	 0.068	 0.086	 0.055	 0.047	 0.051	 0.050	  6627	  6254	  8047	  7164	  8047	   03:20
 437	 0.015	-0.017	 0.007	 0.008	-0.024	 0.029	 0.004	-0.027	 0.073	 0.072	 0.084	 0.076	 0.043	 0.041	 0.046	 0.049	  6163	  7204	  7429	  7637	  7637	   03:05
 438	 0.032	-0.005	-0.012	 0.008	-0.006	-0.059	 0.001	-0.018	 0.082	 0.075	 0.066	 0.079	 0.036	 0.040	 0.044	 0.047	  5345	  6965	  8863	  7349	  8863	   03:19
 439	 0.002	-0.017	 0.008	-0.003	 0.000	 0.003	 0.002	 0.016	 0.091	 0.078	 0.068	 0.102	 0.045	 0.041	 0.039	 0.046	  6049	  7191	  8200	  7058	  8200	   03:14
 440	 0.022	-0.001	-0.018	 0.023	-0.019	-0.018	 0.014	 0.012	 0.087	 0.081	 0.085	 0.075	 0.045	 0.042	 0.042	 0.051	  5918	  6876	  8409	  7215	  8409	   05:34
 441	-0.015	-0.012	-0.008	 0.015	-0.049	-0.028	-0.021	 0.007	 0.087	 0.051	 0.075	 0.082	 0.047	 0.045	 0.047	 0.047	  6158	  7350	  8066	  6850	  8066	   03:09
 442	 0.010	-0.007	-0.009	-0.017	 0.006	 0.001	-0.006	 0.014	 0.080	 0.089	 0.070	 0.088	 0.045	 0.047	 0.046	 0.053	  6341	  6412	  8005	  7472	  8005	   03:07
 443	-0.001	-0.006	 0.008	 0.000	-0.005	 0.007	-0.016	 0.005	 0.081	 0.072	 0.083	 0.065	 0.042	 0.046	 0.041	 0.037	  6468	  6757	  7109	  8156	  8156	   02:55
 444	 0.002	 0.003	 0.009	-0.001	-0.026	 0.007	-0.008	-0.009	 0.098	 0.079	 0.067	 0.077	 0.041	 0.044	 0.047	 0.050	  6154	  6692	  7802	  7649	  7802	   02:59
 445	-0.003	-0.000	-0.015	-0.009	-0.009	-0.009	-0.017	 0.023	 0.088	 0.064	 0.079	 0.084	 0.047	 0.050	 0.045	 0.045	  6163	  6898	  7882	  7393	  7882	   03:01
 446	-0.006	-0.028	 0.014	-0.004	 0.008	 0.007	-0.000	 0.008	 0.074	 0.092	 0.067	 0.075	 0.046	 0.036	 0.049	 0.046	  6643	  6447	  7483	  7806	  7806	   02:57
 447	-0.030	 0.021	 0.007	-0.028	-0.007	-0.002	 0.011	 0.001	 0.068	 0.093	 0.058	 0.070	 0.039	 0.046	 0.043	 0.036	  8043	  4601	  7400	  8373	  8373	   03:15
 448	 0.003	-0.024	 0.020	 0.016	-0.028	-0.004	 0.006	 0.007	 0.097	 0.090	 0.084	 0.068	 0.044	 0.039	 0.046	 0.038	  6117	  7079	  7269	  8080	  8080	   03:21
 449	-0.029	-0.011	 0.017	-0.008	 0.007	-0.005	-0.022	 0.035	 0.082	 0.078	 0.087	 0.089	 0.046	 0.042	 0.044	 0.037	  7230	  6421	  7028	  7948	  7948	   03:07
 450	 0.011	 0.000	 0.005	 0.008	 0.006	 0.013	 0.007	 0.009	 0.089	 0.064	 0.103	 0.087	 0.046	 0.048	 0.044	 0.048	  6024	  7268	  7266	  7734	  7734	   03:07
 451	-0.011	 0.024	-0.012	 0.010	 0.007	-0.020	-0.037	 0.022	 0.098	 0.086	 0.090	 0.077	 0.049	 0.046	 0.045	 0.042	  6960	  5942	  7887	  7658	  7887	   04:42
 452	-0.007	-0.010	 0.014	-0.035	-0.013	 0.007	-0.007	 0.018	 0.085	 0.085	 0.081	 0.086	 0.049	 0.050	 0.043	 0.046	  6679	  6432	  6749	  8414	  8414	   03:05
 453	-0.005	 0.001	-0.043	-0.010	 0.004	-0.023	 0.003	 0.000	 0.089	 0.083	 0.080	 0.092	 0.046	 0.034	 0.037	 0.050	  6294	  6235	  8887	  7060	  8887	   03:58
 454	 0.000	-0.018	-0.016	 0.029	 0.029	 0.024	-0.029	 0.034	 0.087	 0.069	 0.068	 0.084	 0.050	 0.050	 0.033	 0.042	  6080	  7530	  8772	  6166	  8772	   03:32
 455	-0.018	 0.007	 0.013	-0.000	 0.001	-0.014	-0.021	 0.003	 0.082	 0.078	 0.089	 0.088	 0.055	 0.043	 0.049	 0.043	  7091	  6036	  7297	  7879	  7879	   03:10
 456	 0.018	-0.009	 0.001	-0.002	 0.028	-0.009	-0.000	-0.009	 0.069	 0.068	 0.069	 0.079	 0.054	 0.044	 0.048	 0.042	  5879	  6774	  8018	  7585	  8018	   03:19
 457	-0.003	 0.030	-0.014	-0.015	-0.015	-0.017	-0.004	 0.009	 0.099	 0.079	 0.078	 0.080	 0.044	 0.043	 0.050	 0.042	  6531	  5916	  7986	  7968	  7986	   03:17
 458	 0.008	-0.010	-0.006	 0.001	-0.003	-0.021	-0.011	 0.009	 0.091	 0.076	 0.083	 0.086	 0.043	 0.044	 0.048	 0.049	  5888	  7020	  7958	  7480	  7958	   03:01
 459	 0.009	-0.006	 0.024	-0.005	 0.031	-0.004	-0.014	-0.006	 0.093	 0.076	 0.078	 0.077	 0.044	 0.041	 0.045	 0.042	  5921	  6944	  7297	  8326	  8326	   03:25
 460	-0.017	 0.000	 0.016	 0.013	-0.000	-0.013	-0.007	 0.001	 0.067	 0.097	 0.075	 0.086	 0.042	 0.044	 0.046	 0.050	  7708	  5497	  7699	  7463	  7708	   03:03
 461	-0.002	 0.010	 0.001	 0.012	-0.003	 0.012	-0.002	 0.000	 0.085	 0.066	 0.069	 0.092	 0.047	 0.041	 0.043	 0.039	  6472	  6732	  8378	  6905	  8378	   03:16
 462	-0.018	 0.015	-0.020	-0.009	 0.006	-0.010	-0.004	 0.004	 0.076	 0.079	 0.076	 0.085	 0.042	 0.044	 0.051	 0.040	  7174	  5587	  8171	  7444	  8171	   02:59
 463	-0.013	-0.002	 0.011	 0.018	 0.027	-0.001	-0.021	-0.002	 0.074	 0.075	 0.086	 0.070	 0.049	 0.048	 0.047	 0.038	  6949	  6249	  7402	  7797	  7797	   03:13
 464	-0.025	-0.015	-0.024	 0.009	 0.022	 0.005	-0.026	 0.032	 0.088	 0.103	 0.079	 0.102	 0.038	 0.051	 0.041	 0.042	  7227	  6135	  8683	  6499	  8683	   03:12
 465	-0.012	-0.023	-0.000	 0.030	 0.016	 0.007	 0.003	-0.027	 0.078	 0.083	 0.073	 0.073	 0.040	 0.040	 0.053	 0.048	  6484	  6579	  8236	  7017	  8236	   03:09
 466	-0.002	-0.010	-0.011	-0.024	-0.013	 0.006	-0.014	 0.016	 0.088	 0.096	 0.075	 0.074	 0.048	 0.049	 0.043	 0.041	  6536	  6234	  7503	  8051	  8051	   03:09
 467	-0.020	 0.032	 0.036	-0.022	 0.002	 0.016	 0.011	-0.003	 0.079	 0.085	 0.092	 0.065	 0.045	 0.042	 0.039	 0.047	  7855	  5112	  5907	  9499	  9499	   03:09
 468	 0.022	-0.003	 0.017	 0.018	-0.009	-0.008	-0.021	-0.005	 0.078	 0.098	 0.081	 0.080	 0.045	 0.036	 0.039	 0.041	  6593	  6475	  7762	  7759	  7762	   03:14
 469	-0.032	-0.005	 0.013	-0.003	-0.016	-0.033	-0.005	 0.001	 0.084	 0.086	 0.071	 0.087	 0.041	 0.045	 0.043	 0.044	  7251	  5870	  7660	  7684	  7684	   03:11
 470	-0.038	-0.005	-0.016	 0.002	 0.006	 0.002	 0.012	 0.011	 0.095	 0.094	 0.070	 0.072	 0.049	 0.054	 0.047	 0.044	  7064	  5666	  8077	  7375	  8077	   03:09
 471	-0.010	-0.004	-0.038	 0.023	 0.016	-0.011	-0.033	-0.030	 0.083	 0.085	 0.090	 0.079	 0.055	 0.041	 0.046	 0.050	  6570	  6162	  8721	  6780	  8721	   03:03
 472	-0.012	 0.005	-0.007	-0.032	-0.003	-0.017	-0.000	 0.027	 0.083	 0.091	 0.066	 0.074	 0.036	 0.047	 0.046	 0.043	  6952	  5714	  7555	  8241	  8241	   03:03
 473	 0.034	 0.004	 0.019	 0.004	-0.012	-0.005	 0.002	-0.013	 0.077	 0.083	 0.075	 0.092	 0.044	 0.046	 0.052	 0.045	  6060	  6710	  7868	  7606	  7868	   03:19
 474	 0.001	-0.008	-0.009	-0.013	-0.010	-0.024	-0.026	 0.012	 0.104	 0.082	 0.090	 0.087	 0.044	 0.042	 0.053	 0.042	  5891	  6933	  7696	  7915	  7915	   03:07
 475	 0.006	-0.005	-0.003	-0.024	-0.014	 0.013	 0.015	-0.008	 0.083	 0.078	 0.096	 0.081	 0.050	 0.040	 0.046	 0.044	  6303	  6590	  7011	  8448	  8448	   03:25
 476	-0.015	 0.021	-0.040	-0.027	 0.016	-0.007	 0.016	-0.019	 0.059	 0.082	 0.092	 0.064	 0.044	 0.046	 0.043	 0.044	  7506	  4749	  7560	  8431	  8431	   03:03
 477	-0.007	 0.010	-0.027	-0.020	-0.009	 0.009	-0.003	 0.005	 0.075	 0.083	 0.092	 0.069	 0.047	 0.037	 0.048	 0.049	  7005	  5706	  7386	  8201	  8201	   03:04
 478	 0.011	-0.003	 0.016	 0.016	 0.006	-0.010	-0.012	-0.015	 0.067	 0.069	 0.087	 0.097	 0.047	 0.046	 0.039	 0.051	  6547	  6817	  7747	  7237	  7747	   03:09
 479	-0.010	 0.011	 0.025	 0.007	-0.015	 0.020	-0.020	 0.008	 0.088	 0.081	 0.083	 0.058	 0.041	 0.057	 0.042	 0.051	  7072	  6207	  6569	  8387	  8387	   03:19
 480	 0.009	 0.012	 0.025	-0.014	 0.011	-0.011	 0.009	-0.020	 0.086	 0.081	 0.075	 0.086	 0.044	 0.037	 0.044	 0.043	  6399	  6223	  7417	  8421	  8421	   03:17
 481	 0.024	-0.012	 0.001	 0.009	 0.013	-0.005	 0.020	-0.029	 0.078	 0.084	 0.088	 0.075	 0.041	 0.052	 0.045	 0.044	  5860	  6756	  7732	  7915	  7915	   02:59
 482	-0.009	-0.018	-0.019	 0.009	 0.018	 0.009	 0.003	-0.006	 0.074	 0.082	 0.077	 0.077	 0.048	 0.048	 0.047	 0.049	  6537	  6396	  8186	  7083	  8186	   03:13
 483	-0.019	 0.005	-0.016	 0.004	 0.021	 0.019	 0.001	 0.021	 0.062	 0.081	 0.082	 0.071	 0.045	 0.042	 0.042	 0.046	  7600	  5605	  7688	  7524	  7688	   03:11
 484	 0.031	 0.008	-0.006	-0.026	-0.008	-0.042	-0.013	 0.009	 0.099	 0.087	 0.064	 0.066	 0.042	 0.043	 0.048	 0.049	  5429	  6614	  7889	  8454	  8454	   03:16
 485	 0.030	-0.009	-0.000	-0.007	-0.031	 0.001	-0.000	 0.020	 0.096	 0.082	 0.091	 0.082	 0.045	 0.049	 0.042	 0.044	  5610	  7364	  7419	  7961	  7961	   08:16
 486	-0.008	 0.003	 0.002	 0.009	-0.035	 0.018	 0.018	-0.018	 0.080	 0.079	 0.077	 0.070	 0.037	 0.048	 0.050	 0.047	  6920	  6206	  7588	  7630	  7630	   03:17
 487	-0.013	 0.006	 0.015	-0.006	 0.013	-0.015	-0.019	-0.013	 0.062	 0.080	 0.079	 0.081	 0.045	 0.049	 0.040	 0.048	  7438	  5621	  7262	  8032	  8032	   03:05
 488	 0.010	-0.003	 0.030	 0.007	 0.006	-0.014	-0.019	-0.037	 0.104	 0.083	 0.086	 0.071	 0.038	 0.042	 0.048	 0.043	  5816	  6911	  7148	  8573	  8573	   03:22
 489	 0.005	-0.017	 0.016	-0.001	 0.010	-0.011	 0.005	-0.016	 0.071	 0.084	 0.071	 0.075	 0.051	 0.045	 0.044	 0.048	  6382	  6408	  7500	  7942	  7942	   03:07
 490	-0.030	-0.013	-0.007	-0.006	-0.029	 0.004	-0.007	-0.019	 0.083	 0.069	 0.068	 0.078	 0.044	 0.044	 0.042	 0.047	  6740	  6487	  7825	  7315	  7825	   03:01
 491	 0.000	-0.008	-0.001	-0.002	-0.004	-0.010	 0.001	 0.019	 0.071	 0.071	 0.091	 0.074	 0.042	 0.040	 0.049	 0.050	  6617	  6613	  7184	  7975	  7975	   03:01
 492	-0.026	 0.008	-0.004	-0.001	 0.007	 0.035	 0.035	 0.021	 0.082	 0.088	 0.085	 0.069	 0.042	 0.040	 0.044	 0.041	  7504	  5616	  7311	  8027	  8027	   03:13
 493	 0.006	 0.007	-0.013	-0.039	-0.034	 0.002	 0.004	-0.019	 0.088	 0.078	 0.084	 0.070	 0.045	 0.050	 0.047	 0.045	  6199	  6229	  7109	  8685	  8685	   03:38
 494	 0.019	 0.003	-0.030	-0.002	-0.013	 0.022	-0.008	-0.034	 0.078	 0.082	 0.097	 0.076	 0.040	 0.045	 0.044	 0.050	  6241	  6521	  7897	  7703	  7897	   03:26
 495	 0.026	-0.005	-0.001	-0.015	 0.007	 0.007	-0.004	 0.014	 0.092	 0.082	 0.089	 0.087	 0.048	 0.047	 0.042	 0.038	  5739	  7113	  7521	  8049	  8049	   03:28
 496	-0.005	-0.008	-0.016	-0.013	 0.015	 0.001	 0.000	-0.002	 0.089	 0.097	 0.076	 0.077	 0.051	 0.050	 0.046	 0.043	  6456	  6021	  7943	  7783	  7943	   03:20
 497	 0.006	 0.009	-0.014	 0.025	-0.009	-0.009	 0.015	 0.001	 0.081	 0.090	 0.078	 0.075	 0.047	 0.055	 0.045	 0.047	  6675	  6005	  8422	  7078	  8422	   03:25
 498	 0.005	 0.008	 0.004	-0.030	 0.033	 0.033	-0.002	 0.009	 0.072	 0.076	 0.073	 0.097	 0.045	 0.047	 0.052	 0.045	  6717	  6183	  7565	  7787	  7787	   03:26
 499	 0.002	-0.016	 0.002	-0.023	 0.003	 0.034	 0.004	-0.011	 0.089	 0.084	 0.077	 0.089	 0.043	 0.054	 0.038	 0.050	  6160	  6854	  7444	  7796	  7796	   05:22
 500	 0.001	 0.035	 0.026	-0.001	-0.007	-0.012	 0.021	-0.015	 0.091	 0.084	 0.074	 0.062	 0.043	 0.049	 0.056	 0.043	  6821	  5446	  7139	  8779	  8779	   03:15
 501	 0.023	-0.017	 0.000	-0.036	-0.014	-0.023	 0.007	-0.007	 0.079	 0.100	 0.080	 0.077	 0.046	 0.045	 0.042	 0.049	  6050	  6343	  7219	  8681	  8681	   03:18
 502	-0.000	-0.022	-0.019	 0.005	-0.013	 0.008	 0.014	 0.019	 0.072	 0.071	 0.086	 0.069	 0.046	 0.039	 0.044	 0.048	  6344	  6944	  7659	  7456	  7659	   03:00
 503	-0.009	 0.000	-0.021	 0.002	 0.011	 0.032	-0.006	 0.003	 0.090	 0.087	 0.083	 0.094	 0.041	 0.039	 0.045	 0.040	  6730	  6416	  8375	  7005	  8375	   03:22
 504	 0.006	 0.001	-0.001	-0.020	-0.019	 0.006	-0.008	-0.018	 0.082	 0.077	 0.067	 0.088	 0.050	 0.047	 0.050	 0.047	  6240	  6434	  7879	  7604	  7879	   03:06
 505	-0.021	-0.030	 0.018	-0.016	-0.021	-0.001	-0.022	 0.020	 0.072	 0.082	 0.069	 0.082	 0.054	 0.052	 0.037	 0.048	  6984	  6582	  7002	  7759	  7759	   03:07
 506	-0.038	 0.009	-0.003	 0.035	-0.016	-0.006	-0.026	 0.002	 0.086	 0.077	 0.081	 0.072	 0.050	 0.045	 0.050	 0.045	  7483	  5884	  7968	  6990	  7968	   03:15
 507	 0.039	 0.001	 0.013	-0.004	-0.014	-0.003	-0.016	-0.033	 0.070	 0.104	 0.081	 0.093	 0.042	 0.045	 0.043	 0.042	  6463	  6244	  7805	  7910	  7910	   03:11
 508	 0.015	 0.004	-0.015	-0.006	-0.009	 0.001	 0.014	-0.004	 0.085	 0.079	 0.101	 0.089	 0.051	 0.052	 0.047	 0.044	  6177	  6594	  7626	  7768	  7768	   03:26
 509	 0.022	-0.038	 0.011	 0.036	 0.024	 0.011	 0.007	-0.003	 0.074	 0.087	 0.068	 0.060	 0.047	 0.051	 0.049	 0.046	  5697	  7269	  7990	  7238	  7990	   03:13
 510	-0.025	 0.004	-0.023	-0.010	 0.009	 0.021	-0.008	 0.014	 0.078	 0.079	 0.089	 0.078	 0.044	 0.047	 0.043	 0.050	  7284	  5876	  7559	  7592	  7592	   03:17
 511	-0.005	-0.004	 0.009	 0.014	-0.021	 0.001	-0.015	-0.011	 0.085	 0.068	 0.063	 0.092	 0.047	 0.044	 0.055	 0.046	  6316	  6879	  8308	  6742	  8308	   06:41
 512	-0.017	-0.027	-0.022	-0.016	 0.002	 0.005	-0.002	 0.002	 0.082	 0.076	 0.079	 0.065	 0.052	 0.047	 0.046	 0.051	  6224	  6627	  7486	  7822	  7822	   03:23
 513	-0.030	 0.006	 0.004	-0.019	-0.019	 0.008	-0.015	 0.003	 0.074	 0.074	 0.069	 0.083	 0.056	 0.050	 0.045	 0.047	  7405	  5738	  7336	  7690	  7690	   05:46
 514	-0.002	-0.016	-0.005	 0.025	 0.000	-0.002	-0.013	-0.007	 0.085	 0.066	 0.092	 0.070	 0.049	 0.048	 0.047	 0.041	  6027	  7196	  7698	  7397	  7698	   03:19
 515	 0.012	-0.014	-0.004	-0.001	-0.040	 0.019	 0.008	 0.018	 0.088	 0.074	 0.088	 0.080	 0.045	 0.042	 0.042	 0.043	  6103	  7325	  7466	  7620	  7620	   03:27
 516	 0.013	-0.020	 0.013	 0.014	-0.003	-0.030	 0.011	-0.010	 0.074	 0.074	 0.079	 0.058	 0.049	 0.051	 0.044	 0.053	  5894	  6859	  7294	  8115	  8115	   03:13
 517	-0.006	 0.019	 0.016	 0.006	-0.007	 0.006	 0.013	 0.011	 0.075	 0.075	 0.096	 0.091	 0.049	 0.037	 0.041	 0.040	  7359	  6075	  7196	  7923	  7923	   03:10
 518	-0.020	-0.002	-0.002	-0.006	 0.014	-0.011	 0.033	-0.039	 0.085	 0.079	 0.067	 0.085	 0.048	 0.046	 0.041	 0.049	  6506	  5902	  8258	  7580	  8258	   03:18
 519	-0.001	-0.004	-0.004	-0.014	-0.004	-0.024	-0.002	 0.027	 0.076	 0.077	 0.076	 0.074	 0.042	 0.047	 0.040	 0.042	  6580	  6407	  7503	  8027	  8027	   02:58
 520	-0.013	-0.013	-0.019	 0.021	-0.021	 0.025	-0.018	 0.031	 0.090	 0.094	 0.085	 0.088	 0.047	 0.042	 0.044	 0.036	  6950	  6617	  8296	  6674	  8296	   03:16
 521	 0.017	 0.009	 0.023	-0.007	-0.006	-0.015	 0.029	-0.005	 0.068	 0.083	 0.072	 0.082	 0.047	 0.043	 0.044	 0.049	  6679	  6001	  7448	  8173	  8173	   03:10
 522	 0.030	-0.022	-0.002	 0.016	-0.006	-0.019	-0.018	 0.034	 0.078	 0.073	 0.089	 0.094	 0.048	 0.045	 0.042	 0.042	  5671	  7727	  8064	  7112	  8064	   03:20
 523	-0.003	 0.008	 0.002	-0.005	-0.000	 0.020	 0.025	-0.009	 0.079	 0.079	 0.067	 0.078	 0.048	 0.032	 0.046	 0.043	  6687	  6024	  7953	  7745	  7953	   03:10
 524	-0.014	 0.012	 0.005	 0.017	-0.006	 0.002	 0.003	-0.033	 0.088	 0.089	 0.090	 0.072	 0.038	 0.043	 0.045	 0.038	  7077	  5808	  7609	  8013	  8013	   03:23
 525	 0.007	 0.004	-0.010	-0.020	 0.007	 0.023	-0.007	 0.016	 0.095	 0.062	 0.071	 0.079	 0.041	 0.047	 0.043	 0.043	  5791	  7131	  7775	  7674	  7775	   03:08
 526	-0.003	-0.009	-0.018	-0.014	-0.008	 0.013	 0.018	 0.010	 0.074	 0.078	 0.091	 0.065	 0.038	 0.048	 0.040	 0.052	  6657	  6383	  7143	  8146	  8146	   02:54
 527	 0.008	 0.037	 0.033	 0.010	 0.021	-0.040	 0.019	 0.006	 0.080	 0.073	 0.078	 0.064	 0.051	 0.048	 0.045	 0.047	  6788	  5699	  7103	  8703	  8703	   03:22
 528	 0.003	-0.001	-0.003	-0.008	 0.014	 0.010	 0.004	 0.007	 0.075	 0.075	 0.068	 0.100	 0.043	 0.044	 0.049	 0.046	  6501	  6507	  8282	  7032	  8282	   03:12
 529	-0.002	-0.008	 0.030	 0.013	-0.007	 0.013	-0.019	 0.030	 0.069	 0.086	 0.117	 0.079	 0.037	 0.045	 0.044	 0.049	  7512	  6551	  6122	  8417	  8417	   03:20
 530	 0.027	-0.012	-0.002	 0.010	 0.005	 0.010	-0.003	 0.004	 0.089	 0.082	 0.083	 0.080	 0.043	 0.042	 0.047	 0.040	  5661	  7269	  7983	  7538	  7983	   03:18
 531	-0.010	 0.007	 0.006	-0.003	-0.001	-0.021	-0.017	-0.001	 0.090	 0.094	 0.069	 0.085	 0.042	 0.046	 0.045	 0.039	  6885	  5884	  8013	  7701	  8013	   03:14
 532	-0.001	-0.040	 0.015	-0.005	 0.043	 0.010	-0.008	-0.010	 0.074	 0.070	 0.080	 0.054	 0.045	 0.046	 0.049	 0.050	  5824	  7171	  6775	  8510	  8510	   03:23
 533	 0.017	 0.004	 0.005	 0.010	-0.024	 0.003	 0.025	 0.010	 0.068	 0.085	 0.096	 0.087	 0.044	 0.042	 0.053	 0.044	  6935	  6298	  7444	  7687	  7687	   03:18
 534	-0.016	-0.037	-0.007	 0.005	-0.011	-0.021	-0.009	 0.006	 0.086	 0.070	 0.082	 0.079	 0.046	 0.051	 0.043	 0.048	  6006	  7282	  7722	  7319	  7722	   03:06
 535	 0.012	-0.001	 0.008	 0.002	-0.011	-0.002	-0.004	 0.004	 0.080	 0.087	 0.078	 0.077	 0.042	 0.048	 0.049	 0.041	  6498	  6424	  7578	  7841	  7841	   03:12
 536	 0.005	 0.002	 0.011	-0.012	-0.005	 0.020	 0.006	 0.015	 0.103	 0.077	 0.090	 0.081	 0.043	 0.047	 0.045	 0.050	  6066	  6966	  7023	  8218	  8218	   03:10
 537	 0.029	 0.008	-0.030	-0.017	-0.003	-0.020	 0.012	 0.011	 0.056	 0.080	 0.072	 0.068	 0.046	 0.037	 0.041	 0.047	  6409	  5968	  8193	  7872	  8193	   03:26
 538	 0.009	 0.009	-0.006	 0.007	 0.037	 0.005	 0.001	-0.008	 0.059	 0.080	 0.093	 0.076	 0.048	 0.039	 0.044	 0.044	  6999	  5841	  7652	  7948	  7948	   03:10
 539	 0.025	 0.010	-0.021	-0.006	 0.017	 0.011	-0.029	-0.014	 0.072	 0.078	 0.088	 0.098	 0.047	 0.043	 0.044	 0.051	  6344	  6518	  8282	  7161	  8282	   03:06
 540	-0.013	 0.004	 0.014	-0.003	-0.012	-0.008	-0.018	 0.010	 0.093	 0.081	 0.089	 0.086	 0.044	 0.044	 0.043	 0.039	  6836	  6420	  7233	  8046	  8046	   03:11
 541	 0.004	 0.016	-0.007	 0.000	-0.001	-0.005	-0.057	 0.016	 0.061	 0.094	 0.098	 0.081	 0.047	 0.050	 0.040	 0.047	  7730	  5555	  7328	  7826	  7826	   03:19
 542	-0.023	-0.006	-0.014	 0.004	-0.005	 0.012	-0.035	-0.005	 0.085	 0.080	 0.089	 0.090	 0.044	 0.038	 0.047	 0.043	  6998	  6418	  7915	  7151	  7915	   03:08
 543	-0.035	-0.002	 0.008	-0.025	-0.007	-0.008	-0.005	 0.015	 0.089	 0.095	 0.093	 0.107	 0.048	 0.049	 0.050	 0.045	  7516	  5670	  7147	  7933	  7933	   03:06
 544	-0.005	-0.004	 0.010	-0.012	-0.013	-0.005	 0.007	 0.008	 0.072	 0.068	 0.080	 0.079	 0.041	 0.043	 0.041	 0.048	  6734	  6533	  7130	  8033	  8033	   03:08
 545	 0.012	 0.029	-0.026	 0.024	 0.001	 0.012	 0.006	 0.002	 0.070	 0.101	 0.066	 0.065	 0.042	 0.050	 0.047	 0.052	  7250	  5130	  8809	  6999	  8809	   04:15
 546	 0.014	-0.000	 0.025	 0.027	 0.006	-0.010	-0.020	-0.034	 0.071	 0.073	 0.058	 0.096	 0.045	 0.058	 0.045	 0.041	  6362	  6750	  8509	  6629	  8509	   03:10
 547	 0.003	-0.019	 0.003	-0.002	-0.018	 0.013	 0.002	-0.008	 0.081	 0.084	 0.077	 0.068	 0.040	 0.042	 0.049	 0.037	  6303	  6717	  7438	  7975	  7975	   03:10
 548	-0.019	 0.017	 0.012	 0.008	-0.005	-0.004	 0.010	 0.004	 0.079	 0.063	 0.089	 0.082	 0.043	 0.048	 0.045	 0.045	  7168	  6180	  7241	  7777	  7777	   03:16
 549	-0.024	-0.023	-0.021	-0.020	-0.009	 0.015	 0.008	 0.024	 0.080	 0.079	 0.094	 0.064	 0.039	 0.052	 0.049	 0.046	  6821	  6446	  6862	  8177	  8177	   03:21
 550	-0.002	-0.022	-0.036	 0.013	-0.027	 0.019	 0.016	 0.018	 0.094	 0.067	 0.082	 0.087	 0.050	 0.047	 0.042	 0.043	  5766	  7507	  8654	  6426	  8654	   03:20
 551	 0.033	 0.014	 0.005	 0.014	 0.008	-0.011	-0.028	-0.006	 0.087	 0.078	 0.057	 0.072	 0.043	 0.038	 0.040	 0.037	  5834	  6808	  8555	  7419	  8555	   03:27
 552	 0.015	 0.051	-0.007	 0.009	 0.003	-0.003	 0.012	 0.003	 0.058	 0.086	 0.091	 0.090	 0.036	 0.051	 0.046	 0.052	  7826	  4956	  7949	  7544	  7949	   03:10
 553	-0.014	 0.012	-0.024	-0.002	 0.005	-0.018	 0.011	 0.000	 0.080	 0.101	 0.085	 0.080	 0.046	 0.040	 0.051	 0.044	  7273	  5186	  8180	  7680	  8180	   02:58
 554	-0.021	-0.002	 0.015	 0.015	 0.034	 0.018	-0.010	-0.010	 0.071	 0.088	 0.074	 0.076	 0.052	 0.045	 0.043	 0.047	  7383	  5711	  7637	  7573	  7637	   03:10
 555	-0.001	 0.020	 0.035	-0.015	 0.005	-0.021	 0.007	 0.016	 0.082	 0.073	 0.061	 0.087	 0.044	 0.049	 0.048	 0.045	  6760	  6063	  7339	  8161	  8161	   03:11
 556	 0.028	 0.016	-0.012	-0.004	-0.008	-0.001	 0.003	-0.015	 0.080	 0.088	 0.071	 0.092	 0.039	 0.049	 0.054	 0.042	  6225	  6175	  8577	  7276	  8577	   03:08
 557	 0.031	-0.033	-0.000	-0.004	 0.008	 0.003	-0.006	-0.022	 0.063	 0.065	 0.097	 0.084	 0.045	 0.047	 0.038	 0.049	  5530	  7687	  7316	  7818	  7818	   03:14
 558	 0.008	-0.014	-0.003	-0.024	-0.005	-0.012	 0.030	 0.015	 0.102	 0.086	 0.101	 0.073	 0.046	 0.042	 0.042	 0.049	  5757	  6897	  6874	  8812	  8812	   03:25
 559	-0.006	 0.002	 0.004	 0.001	-0.008	-0.012	-0.011	-0.005	 0.061	 0.087	 0.073	 0.068	 0.046	 0.042	 0.040	 0.043	  7349	  5622	  7511	  7950	  7950	   03:00
 560	-0.021	-0.014	-0.006	-0.006	-0.005	-0.022	 0.042	 0.012	 0.070	 0.075	 0.063	 0.086	 0.044	 0.051	 0.046	 0.046	  6826	  6080	  8206	  7219	  8206	   03:14
 561	 0.008	-0.014	-0.011	-0.007	 0.005	-0.013	 0.002	 0.011	 0.090	 0.096	 0.098	 0.086	 0.044	 0.040	 0.045	 0.048	  6255	  6605	  7605	  7964	  7964	   03:15
 562	 0.004	-0.020	 0.005	 0.011	-0.037	-0.003	-0.001	 0.023	 0.080	 0.077	 0.096	 0.093	 0.045	 0.048	 0.047	 0.042	  6529	  7190	  7416	  7324	  7416	   03:10
 563	-0.007	 0.002	-0.016	 0.029	 0.016	 0.000	 0.001	-0.019	 0.065	 0.082	 0.080	 0.073	 0.042	 0.049	 0.036	 0.054	  7110	  5897	  8348	  6953	  8348	   03:12
 564	-0.004	 0.029	-0.002	 0.021	-0.001	-0.034	-0.002	 0.005	 0.065	 0.067	 0.069	 0.071	 0.042	 0.044	 0.047	 0.048	  7182	  5654	  8213	  7355	  8213	   03:12
 565	-0.023	-0.027	-0.027	-0.018	-0.013	-0.004	 0.001	 0.004	 0.063	 0.072	 0.081	 0.078	 0.046	 0.044	 0.050	 0.041	  6872	  6350	  7663	  7484	  7663	   03:06
 566	-0.003	 0.027	-0.029	 0.016	-0.026	 0.002	 0.002	 0.009	 0.086	 0.058	 0.079	 0.074	 0.050	 0.045	 0.044	 0.051	  6499	  6402	  8440	  6907	  8440	   03:20
 567	-0.001	-0.012	-0.016	 0.036	 0.002	-0.011	 0.019	-0.007	 0.083	 0.082	 0.091	 0.090	 0.036	 0.043	 0.054	 0.055	  6395	  6712	  8579	  6586	  8579	   03:14
 568	-0.033	-0.001	-0.011	 0.001	 0.022	-0.012	 0.013	-0.004	 0.056	 0.088	 0.071	 0.072	 0.044	 0.050	 0.044	 0.052	  7863	  4984	  7861	  7529	  7863	   03:16
 569	-0.017	 0.001	-0.018	 0.010	 0.011	-0.020	-0.001	 0.007	 0.095	 0.085	 0.052	 0.086	 0.045	 0.048	 0.047	 0.041	  6440	  6139	  9206	  6572	  9206	   03:09
 570	 0.001	 0.006	-0.008	-0.019	-0.013	-0.008	-0.011	 0.048	 0.085	 0.077	 0.074	 0.084	 0.045	 0.044	 0.049	 0.046	  6558	  6473	  7680	  7719	  7719	   03:02
 571	 0.015	 0.018	-0.011	-0.039	 0.014	-0.003	 0.018	-0.010	 0.079	 0.082	 0.070	 0.071	 0.045	 0.046	 0.047	 0.042	  6280	  5737	  7621	  8662	  8662	   03:21
 572	-0.019	-0.012	-0.017	 0.005	-0.046	-0.004	-0.005	-0.004	 0.094	 0.095	 0.076	 0.092	 0.044	 0.046	 0.047	 0.041	  6821	  6284	  8402	  6878	  8402	   03:07
 573	-0.033	 0.018	 0.008	-0.031	-0.012	-0.023	-0.021	-0.005	 0.088	 0.089	 0.088	 0.056	 0.043	 0.043	 0.043	 0.045	  7547	  5073	  6343	  9366	  9366	   03:23
 574	 0.010	 0.016	 0.003	 0.017	 0.013	 0.002	 0.005	-0.014	 0.069	 0.080	 0.075	 0.082	 0.048	 0.043	 0.050	 0.041	  6823	  5938	  8180	  7355	  8180	   03:09
 575	-0.026	 0.010	-0.013	-0.022	 0.009	 0.015	 0.017	-0.016	 0.101	 0.090	 0.067	 0.079	 0.043	 0.050	 0.045	 0.047	  6730	  5610	  8029	  7864	  8029	   05:30
 576	 0.017	-0.012	-0.020	 0.028	 0.002	-0.022	 0.021	 0.008	 0.078	 0.079	 0.092	 0.059	 0.045	 0.045	 0.044	 0.049	  5957	  6808	  8002	  7571	  8002	   04:19
 577	-0.031	 0.031	-0.011	 0.014	 0.020	-0.021	-0.004	-0.025	 0.077	 0.072	 0.077	 0.084	 0.048	 0.047	 0.045	 0.046	  7499	  5172	  8387	  7211	  8387	   03:21
 578	 0.015	 0.025	-0.003	-0.020	 0.006	 0.024	-0.029	 0.001	 0.085	 0.063	 0.069	 0.073	 0.046	 0.041	 0.039	 0.051	  6236	  6582	  7574	  7962	  7962	   05:26
 579	-0.014	 0.014	-0.017	 0.003	-0.006	-0.019	-0.022	 0.003	 0.084	 0.073	 0.070	 0.080	 0.050	 0.042	 0.049	 0.038	  6766	  6016	  8400	  7214	  8400	   03:22
 580	-0.021	 0.027	-0.000	 0.012	 0.008	-0.006	-0.001	 0.031	 0.074	 0.079	 0.085	 0.068	 0.035	 0.040	 0.046	 0.044	  7782	  5445	  7449	  7912	  7912	   03:17
 581	 0.019	-0.009	 0.014	-0.015	 0.017	-0.026	 0.022	 0.020	 0.081	 0.087	 0.088	 0.084	 0.041	 0.043	 0.051	 0.051	  6111	  6626	  7159	  8430	  8430	   03:14
 582	-0.013	-0.002	 0.030	-0.016	 0.022	-0.028	-0.005	 0.031	 0.075	 0.080	 0.079	 0.080	 0.053	 0.044	 0.045	 0.047	  7021	  6066	  6760	  8559	  8559	   03:17
 583	-0.020	-0.005	 0.022	-0.018	-0.020	-0.020	 0.007	 0.005	 0.074	 0.080	 0.060	 0.080	 0.039	 0.043	 0.042	 0.040	  7148	  5965	  7341	  8077	  8077	   03:08
 584	 0.017	-0.007	 0.002	-0.013	-0.014	 0.007	 0.007	-0.011	 0.078	 0.090	 0.075	 0.063	 0.044	 0.045	 0.051	 0.049	  6232	  6306	  7295	  8370	  8370	   03:10
 585	-0.014	 0.023	 0.017	 0.005	-0.004	-0.006	-0.001	 0.001	 0.091	 0.082	 0.064	 0.077	 0.051	 0.044	 0.049	 0.053	  6967	  5703	  7778	  7706	  7778	   03:22
 586	 0.001	-0.021	 0.024	 0.017	 0.007	 0.001	 0.008	-0.019	 0.072	 0.090	 0.088	 0.072	 0.042	 0.044	 0.038	 0.036	  6746	  6532	  7156	  8136	  8136	   03:18
 587	 0.005	-0.025	 0.010	 0.000	-0.009	 0.006	 0.010	 0.006	 0.065	 0.087	 0.092	 0.083	 0.048	 0.045	 0.044	 0.046	  6779	  6621	  7082	  7866	  7866	   03:10
 588	-0.008	 0.013	 0.046	 0.020	 0.014	-0.006	-0.012	 0.013	 0.073	 0.082	 0.074	 0.094	 0.051	 0.052	 0.046	 0.054	  7397	  5978	  7316	  7528	  7528	   03:15
 589	 0.015	-0.006	 0.012	 0.033	 0.009	 0.013	 0.008	-0.010	 0.081	 0.081	 0.106	 0.098	 0.041	 0.049	 0.047	 0.043	  6418	  7049	  7712	  7202	  7712	   03:08
 590	-0.019	 0.001	-0.011	 0.002	 0.000	 0.005	-0.014	-0.001	 0.077	 0.071	 0.083	 0.079	 0.045	 0.044	 0.045	 0.053	  6956	  6240	  7711	  7386	  7711	   03:14
 591	 0.002	-0.003	 0.010	 0.008	 0.006	-0.022	 0.009	-0.006	 0.078	 0.066	 0.085	 0.081	 0.040	 0.045	 0.049	 0.042	  6285	  6761	  7578	  7817	  7817	   03:12
 592	 0.011	-0.001	-0.005	-0.003	-0.018	-0.019	 0.014	 0.029	 0.099	 0.075	 0.073	 0.080	 0.042	 0.050	 0.044	 0.044	  5753	  7018	  8046	  7590	  8046	   03:14
 593	-0.004	 0.027	 0.006	-0.033	-0.003	-0.002	 0.004	 0.000	 0.086	 0.084	 0.077	 0.075	 0.051	 0.041	 0.049	 0.047	  6914	  5468	  7092	  8748	  8748	   03:16
 594	 0.025	 0.021	-0.023	-0.028	-0.006	-0.000	-0.003	-0.006	 0.073	 0.066	 0.087	 0.088	 0.050	 0.043	 0.055	 0.045	  6116	  6331	  7815	  7905	  7905	   03:16
 595	 0.043	 0.006	 0.019	 0.001	 0.013	-0.014	-0.006	 0.004	 0.084	 0.094	 0.074	 0.082	 0.043	 0.040	 0.041	 0.046	  5922	  6681	  7806	  8079	  8079	   03:18
 596	 0.022	-0.011	-0.004	 0.002	-0.022	-0.026	 0.003	-0.017	 0.094	 0.084	 0.068	 0.067	 0.047	 0.048	 0.047	 0.050	  5398	  6860	  8138	  7787	  8138	   03:09
 597	 0.009	 0.028	 0.014	-0.000	 0.007	-0.013	-0.002	 0.013	 0.078	 0.087	 0.071	 0.077	 0.043	 0.048	 0.046	 0.047	  7019	  5654	  7651	  7995	  7995	   03:08
 598	 0.001	 0.024	 0.007	 0.018	-0.010	 0.018	-0.004	 0.011	 0.063	 0.097	 0.079	 0.095	 0.050	 0.044	 0.041	 0.044	  7929	  5343	  8029	  7072	  8029	   03:24
 599	-0.024	-0.012	-0.003	-0.017	-0.004	 0.024	-0.027	-0.002	 0.083	 0.092	 0.074	 0.106	 0.045	 0.046	 0.044	 0.039	  7173	  6198	  7953	  7109	  7953	   03:13
 600	-0.025	 0.003	-0.012	-0.022	 0.014	-0.010	 0.017	 0.041	 0.080	 0.092	 0.078	 0.074	 0.045	 0.049	 0.044	 0.047	  7350	  5512	  7399	  8110	  8110	   03:02
