 IND	  DX_1	  DX_2	  DX_3	  DX_4	  DY_1	  DY_2	  DY_3	  DY_4	  JEU1	  JEU2	  JEU3	  JEU4	  INT1	  INT2	  INT3	  INT4	    F1	    F2	    F3	    F4	   FIT	    TIME
   1	 0.000	-0.003	 0.013	-0.008	 0.012	-0.005	-0.001	-0.008	 0.063	 0.093	 0.088	 0.093	 0.045	 0.047	 0.046	 0.052	  7253	  5772	  7286	  7929	  7929	   03:44
   2	-0.015	 0.008	-0.020	-0.007	 0.013	 0.016	 0.012	-0.015	 0.078	 0.067	 0.072	 0.085	 0.049	 0.046	 0.045	 0.044	  6662	  6126	  8274	  7198	  8274	   03:32
   3	-0.007	-0.009	-0.006	-0.025	-0.023	-0.018	-0.021	 0.011	 0.075	 0.070	 0.076	 0.082	 0.045	 0.048	 0.043	 0.048	  6545	  6557	  7395	  7860	  7860	   03:34
   4	 0.001	-0.028	-0.008	 0.004	 0.025	-0.021	-0.005	-0.004	 0.101	 0.091	 0.083	 0.062	 0.044	 0.048	 0.048	 0.051	  5633	  6893	  7678	  8030	  8030	   03:34
   5	 0.010	-0.008	 0.011	-0.025	-0.004	 0.007	 0.019	-0.002	 0.072	 0.070	 0.089	 0.081	 0.044	 0.046	 0.048	 0.034	  6326	  6728	  6814	  8524	  8524	   03:34
   6	-0.009	-0.004	 0.013	 0.018	-0.022	-0.013	 0.017	 0.010	 0.081	 0.081	 0.083	 0.081	 0.049	 0.048	 0.049	 0.038	  6887	  6359	  7577	  7541	  7577	   03:10
   7	-0.010	-0.020	-0.021	-0.005	-0.014	-0.005	 0.003	-0.005	 0.079	 0.084	 0.085	 0.072	 0.048	 0.049	 0.041	 0.048	  6496	  6414	  7705	  7649	  7705	   03:28
   8	-0.024	-0.004	 0.025	 0.003	 0.019	-0.007	 0.022	-0.022	 0.082	 0.095	 0.091	 0.077	 0.047	 0.037	 0.040	 0.038	  7298	  5654	  6998	  8581	  8581	   03:40
   9	-0.034	-0.011	 0.000	-0.005	 0.011	-0.013	-0.004	-0.023	 0.091	 0.080	 0.082	 0.084	 0.042	 0.041	 0.041	 0.042	  6806	  6190	  7680	  7788	  7788	   03:24
  10	-0.008	-0.002	-0.035	 0.021	 0.014	 0.025	 0.006	 0.013	 0.076	 0.070	 0.099	 0.071	 0.047	 0.039	 0.047	 0.044	  6696	  6571	  8016	  7096	  8016	   03:28
  11	-0.019	-0.037	-0.013	-0.012	 0.029	-0.004	 0.020	-0.029	 0.077	 0.100	 0.077	 0.080	 0.045	 0.054	 0.048	 0.042	  6523	  6022	  7908	  7740	  7908	   03:26
  12	 0.010	-0.010	-0.000	 0.007	-0.002	 0.002	-0.006	 0.006	 0.066	 0.080	 0.064	 0.081	 0.045	 0.043	 0.042	 0.042	  6555	  6554	  8185	  7136	  8185	   03:48
  13	 0.020	-0.022	 0.008	 0.006	 0.016	 0.009	 0.018	 0.022	 0.076	 0.074	 0.073	 0.084	 0.055	 0.044	 0.049	 0.045	  5763	  7262	  7852	  7345	  7852	   03:46
  14	-0.008	 0.030	-0.007	-0.007	-0.031	-0.022	-0.017	-0.007	 0.068	 0.082	 0.082	 0.069	 0.054	 0.045	 0.051	 0.046	  7516	  5109	  7414	  8137	  8137	   04:02
  15	-0.019	 0.004	 0.009	-0.019	-0.006	 0.008	 0.008	-0.001	 0.062	 0.079	 0.084	 0.067	 0.045	 0.043	 0.046	 0.045	  7579	  5530	  6632	  8596	  8596	   03:28
  16	-0.006	 0.035	-0.001	-0.011	-0.023	 0.016	 0.015	-0.011	 0.084	 0.079	 0.086	 0.074	 0.048	 0.043	 0.046	 0.053	  7181	  5477	  7281	  8265	  8265	   03:44
  17	 0.002	-0.011	 0.018	 0.027	 0.008	-0.002	 0.006	 0.023	 0.079	 0.105	 0.064	 0.090	 0.044	 0.040	 0.044	 0.049	  6969	  6225	  8350	  6929	  8350	   03:44
  18	 0.004	-0.018	 0.007	 0.003	-0.043	 0.010	-0.008	-0.005	 0.063	 0.083	 0.071	 0.072	 0.053	 0.046	 0.036	 0.046	  6903	  6533	  7411	  7528	  7528	   04:02
  19	 0.022	-0.028	 0.019	-0.031	-0.001	-0.021	 0.001	-0.021	 0.057	 0.070	 0.087	 0.074	 0.047	 0.045	 0.040	 0.042	  5991	  6942	  6519	  8915	  8915	   04:12
  20	 0.018	-0.008	 0.009	-0.015	-0.013	-0.000	-0.014	 0.018	 0.083	 0.070	 0.090	 0.078	 0.050	 0.039	 0.047	 0.047	  5931	  7154	  6963	  8302	  8302	   03:56
  21	 0.020	 0.013	-0.024	-0.004	 0.006	-0.008	 0.002	-0.033	 0.073	 0.075	 0.083	 0.091	 0.044	 0.049	 0.046	 0.050	  6207	  6243	  8470	  7275	  8470	   04:00
  22	 0.016	 0.004	 0.018	-0.028	-0.005	 0.024	 0.034	-0.026	 0.069	 0.099	 0.093	 0.061	 0.040	 0.045	 0.045	 0.047	  6911	  5623	  6277	  9522	  9522	   04:03
  23	-0.006	-0.016	-0.020	 0.010	-0.013	-0.001	 0.008	-0.025	 0.060	 0.074	 0.083	 0.081	 0.046	 0.041	 0.046	 0.044	  6793	  6376	  8133	  7065	  8133	   04:02
  24	 0.017	 0.006	 0.003	 0.015	 0.014	 0.007	 0.003	-0.026	 0.086	 0.091	 0.079	 0.082	 0.040	 0.048	 0.033	 0.048	  6340	  6408	  8162	  7532	  8162	   04:14
  25	-0.012	 0.002	 0.011	 0.009	 0.020	 0.037	 0.011	 0.025	 0.079	 0.080	 0.072	 0.078	 0.046	 0.047	 0.045	 0.046	  7067	  6263	  7578	  7410	  7578	   03:56
  26	 0.002	 0.012	-0.023	 0.015	 0.019	-0.003	 0.011	 0.005	 0.084	 0.074	 0.089	 0.076	 0.048	 0.040	 0.048	 0.051	  6411	  6297	  8227	  7329	  8227	   04:02
  27	 0.006	-0.003	-0.025	-0.011	-0.010	 0.033	-0.001	-0.010	 0.100	 0.062	 0.087	 0.079	 0.048	 0.046	 0.047	 0.040	  5523	  7336	  7893	  7551	  7893	   03:56
  28	-0.010	-0.008	 0.024	-0.034	-0.017	-0.007	 0.023	 0.026	 0.084	 0.065	 0.090	 0.079	 0.048	 0.044	 0.049	 0.043	  6506	  6750	  6193	  8921	  8921	   03:44
  29	-0.013	 0.004	-0.023	 0.009	 0.032	-0.015	-0.003	 0.014	 0.069	 0.066	 0.094	 0.096	 0.046	 0.047	 0.050	 0.046	  6895	  6237	  8236	  6974	  8236	   03:32
  30	 0.034	 0.006	-0.012	 0.003	-0.015	 0.055	-0.012	-0.037	 0.104	 0.072	 0.090	 0.077	 0.044	 0.042	 0.043	 0.044	  5231	  7594	  7888	  7741	  7888	   03:32
  31	 0.004	-0.016	-0.006	-0.027	-0.017	 0.029	-0.007	-0.010	 0.080	 0.067	 0.075	 0.069	 0.047	 0.045	 0.043	 0.041	  5962	  7030	  7187	  8166	  8166	   03:36
  32	 0.008	-0.002	 0.010	-0.033	 0.022	-0.003	 0.028	-0.002	 0.073	 0.083	 0.079	 0.083	 0.043	 0.048	 0.039	 0.052	  6482	  6120	  7093	  8584	  8584	   03:40
  33	-0.011	-0.000	-0.003	 0.006	 0.030	-0.001	-0.007	-0.018	 0.076	 0.083	 0.072	 0.088	 0.042	 0.046	 0.044	 0.042	  6860	  6005	  8297	  7238	  8297	   03:42
  34	-0.003	 0.005	-0.004	 0.020	-0.004	-0.009	 0.019	 0.028	 0.081	 0.072	 0.085	 0.091	 0.043	 0.047	 0.038	 0.043	  6737	  6641	  8135	  7044	  8135	   03:26
  35	 0.019	 0.020	 0.006	 0.001	 0.018	-0.002	-0.019	-0.019	 0.093	 0.067	 0.075	 0.092	 0.047	 0.047	 0.043	 0.051	  5887	  6807	  8126	  7427	  8126	   03:40
  36	 0.035	 0.022	-0.000	 0.026	 0.005	 0.019	-0.015	 0.005	 0.093	 0.085	 0.073	 0.097	 0.048	 0.044	 0.048	 0.055	  6021	  6809	  8758	  6610	  8758	   03:46
  37	-0.023	 0.016	 0.006	 0.019	 0.016	 0.003	-0.007	-0.011	 0.091	 0.078	 0.067	 0.090	 0.051	 0.052	 0.047	 0.046	  6976	  5941	  8379	  6872	  8379	   03:16
  38	-0.020	 0.011	-0.016	 0.024	 0.003	 0.018	-0.013	-0.013	 0.077	 0.083	 0.068	 0.092	 0.044	 0.041	 0.043	 0.047	  7328	  5853	  8888	  6330	  8888	   03:24
  39	-0.013	 0.005	-0.010	-0.001	 0.025	-0.008	 0.009	 0.036	 0.079	 0.089	 0.062	 0.089	 0.044	 0.043	 0.048	 0.041	  7029	  5816	  8529	  7089	  8529	   03:26
  40	-0.002	 0.013	 0.003	-0.014	-0.014	 0.039	 0.000	-0.008	 0.085	 0.057	 0.097	 0.076	 0.044	 0.048	 0.042	 0.045	  6506	  6864	  6748	  8259	  8259	   04:24
  41	 0.020	-0.013	 0.013	 0.002	 0.008	-0.012	 0.008	 0.021	 0.095	 0.066	 0.098	 0.076	 0.042	 0.043	 0.045	 0.049	  5454	  7658	  7047	  8287	  8287	   03:18
  42	 0.023	-0.006	 0.003	-0.005	-0.030	-0.011	-0.004	-0.001	 0.075	 0.078	 0.080	 0.087	 0.048	 0.052	 0.045	 0.042	  6135	  6834	  7682	  7625	  7682	   03:32
  43	-0.017	 0.022	 0.008	 0.022	-0.025	-0.004	 0.010	-0.009	 0.078	 0.084	 0.084	 0.083	 0.042	 0.047	 0.047	 0.048	  7614	  5555	  7763	  7388	  7763	   03:42
  44	 0.004	 0.007	-0.025	 0.007	-0.020	 0.005	-0.008	-0.004	 0.094	 0.083	 0.082	 0.077	 0.043	 0.046	 0.043	 0.044	  6281	  6488	  8334	  7292	  8334	   03:40
  45	 0.028	 0.000	-0.013	-0.003	-0.007	 0.011	-0.022	-0.015	 0.103	 0.090	 0.090	 0.062	 0.044	 0.044	 0.046	 0.050	  5543	  6892	  7545	  8273	  8273	   03:44
  46	-0.012	-0.027	-0.018	-0.013	-0.008	-0.027	-0.010	-0.022	 0.071	 0.092	 0.082	 0.078	 0.053	 0.044	 0.041	 0.042	  6648	  6073	  7808	  7795	  7808	   03:34
  47	-0.001	 0.016	-0.003	 0.005	 0.010	 0.030	 0.063	-0.044	 0.080	 0.081	 0.087	 0.068	 0.048	 0.042	 0.039	 0.046	  6646	  5730	  7750	  8303	  8303	   03:42
  48	-0.011	 0.015	 0.027	-0.020	-0.002	 0.009	-0.001	-0.005	 0.084	 0.079	 0.070	 0.099	 0.047	 0.046	 0.039	 0.044	  7054	  6034	  7368	  7952	  7952	   03:44
  49	 0.018	-0.007	 0.000	 0.001	-0.004	-0.000	 0.007	-0.010	 0.081	 0.087	 0.076	 0.087	 0.045	 0.041	 0.034	 0.047	  6169	  6691	  8102	  7516	  8102	   04:00
  50	-0.014	 0.014	-0.001	-0.003	 0.039	 0.017	 0.024	-0.008	 0.063	 0.070	 0.071	 0.076	 0.050	 0.046	 0.043	 0.048	  7169	  5554	  7783	  7726	  7783	   04:00
  51	-0.007	-0.014	-0.003	 0.016	-0.001	 0.007	-0.025	 0.000	 0.076	 0.101	 0.089	 0.070	 0.051	 0.043	 0.048	 0.042	  7077	  6031	  7552	  7676	  7676	   04:02
  52	-0.008	-0.040	 0.004	 0.021	 0.008	 0.015	 0.009	-0.006	 0.070	 0.092	 0.085	 0.063	 0.039	 0.040	 0.045	 0.055	  6676	  6703	  7361	  7663	  7663	   04:04
  53	-0.018	 0.007	 0.010	 0.014	 0.004	 0.034	 0.001	-0.004	 0.081	 0.085	 0.084	 0.085	 0.045	 0.047	 0.050	 0.050	  7331	  6004	  7524	  7379	  7524	   04:02
  54	 0.010	 0.037	 0.015	 0.010	-0.029	-0.006	 0.013	-0.030	 0.084	 0.080	 0.069	 0.074	 0.046	 0.042	 0.047	 0.039	  6791	  5672	  7978	  7971	  7978	   04:04
  55	 0.023	-0.001	 0.016	-0.002	-0.021	 0.019	 0.006	-0.007	 0.075	 0.082	 0.061	 0.079	 0.045	 0.049	 0.045	 0.043	  6265	  6627	  7789	  7612	  7789	   04:02
  56	 0.006	 0.013	-0.004	 0.019	 0.028	-0.041	-0.001	-0.007	 0.064	 0.084	 0.079	 0.066	 0.049	 0.047	 0.047	 0.047	  6906	  5573	  8034	  7794	  8034	   04:12
  57	-0.003	-0.006	-0.004	 0.007	-0.014	 0.011	-0.010	 0.002	 0.070	 0.082	 0.078	 0.091	 0.044	 0.045	 0.039	 0.042	  7008	  6424	  8014	  7063	  8014	   04:10
  58	 0.026	-0.009	 0.006	-0.008	 0.010	 0.019	 0.013	-0.004	 0.067	 0.065	 0.078	 0.078	 0.045	 0.045	 0.044	 0.047	  5911	  7100	  7430	  7862	  7862	   03:59
  59	-0.031	 0.022	-0.017	-0.006	 0.026	 0.007	-0.015	-0.001	 0.076	 0.073	 0.081	 0.070	 0.048	 0.051	 0.051	 0.053	  7445	  5286	  7625	  7761	  7761	   03:58
  60	 0.007	 0.006	-0.014	 0.004	-0.033	-0.005	-0.033	-0.018	 0.077	 0.084	 0.083	 0.077	 0.048	 0.049	 0.045	 0.041	  6695	  6228	  7907	  7469	  7907	   03:54
  61	-0.008	 0.001	 0.028	-0.009	-0.023	 0.013	 0.018	 0.021	 0.071	 0.090	 0.071	 0.087	 0.044	 0.043	 0.054	 0.049	  7452	  5849	  7087	  7905	  7905	   04:44
  62	 0.017	 0.021	 0.002	 0.013	-0.016	-0.004	-0.015	 0.004	 0.090	 0.087	 0.095	 0.058	 0.042	 0.050	 0.044	 0.039	  6550	  6227	  7203	  8440	  8440	   03:44
  63	 0.002	-0.008	-0.018	 0.017	 0.047	-0.006	-0.002	 0.020	 0.099	 0.084	 0.075	 0.084	 0.044	 0.045	 0.046	 0.039	  5933	  6829	  8767	  6945	  8767	   03:44
  64	-0.018	-0.002	-0.011	-0.019	-0.010	-0.001	 0.017	 0.005	 0.091	 0.086	 0.081	 0.082	 0.056	 0.054	 0.043	 0.049	  6669	  6000	  7557	  7856	  7856	   03:42
  65	-0.003	-0.006	-0.022	 0.002	-0.006	 0.008	-0.043	 0.003	 0.081	 0.081	 0.086	 0.091	 0.049	 0.047	 0.049	 0.043	  6620	  6608	  8153	  6946	  8153	   03:38
  66	 0.015	-0.017	 0.016	-0.002	 0.035	 0.019	-0.029	-0.020	 0.084	 0.077	 0.103	 0.087	 0.040	 0.040	 0.042	 0.038	  6010	  7302	  7106	  8235	  8235	   03:38
  67	 0.006	 0.017	 0.010	-0.024	 0.012	-0.019	 0.015	 0.001	 0.085	 0.087	 0.094	 0.072	 0.042	 0.050	 0.044	 0.054	  6694	  5816	  6694	  9014	  9014	   03:34
  68	-0.016	-0.024	-0.005	-0.023	 0.003	 0.014	 0.005	 0.003	 0.070	 0.087	 0.070	 0.080	 0.045	 0.042	 0.050	 0.046	  6863	  6154	  7509	  7778	  7778	   03:24
  69	-0.015	-0.014	 0.014	-0.020	-0.005	 0.007	 0.039	 0.016	 0.083	 0.083	 0.081	 0.076	 0.047	 0.046	 0.044	 0.051	  6744	  6295	  6844	  8388	  8388	   03:32
  70	 0.007	-0.000	 0.026	 0.020	-0.002	 0.001	-0.001	 0.027	 0.089	 0.083	 0.085	 0.092	 0.038	 0.045	 0.044	 0.044	  6606	  6891	  7556	  7505	  7556	   03:34
  71	-0.027	 0.017	 0.008	-0.006	 0.008	-0.008	 0.029	-0.001	 0.072	 0.078	 0.081	 0.071	 0.047	 0.050	 0.044	 0.045	  7561	  5265	  7149	  8288	  8288	   06:01
  72	-0.009	 0.002	 0.004	 0.007	-0.012	 0.005	 0.005	 0.017	 0.078	 0.089	 0.081	 0.077	 0.045	 0.040	 0.042	 0.050	  7194	  6021	  7541	  7688	  7688	   03:36
  73	 0.005	 0.004	-0.004	 0.001	-0.000	-0.029	 0.024	 0.014	 0.089	 0.078	 0.096	 0.098	 0.050	 0.047	 0.044	 0.049	  6282	  6562	  7846	  7595	  7846	   03:26
  74	 0.026	-0.024	 0.004	-0.004	-0.011	 0.000	-0.016	 0.029	 0.091	 0.086	 0.080	 0.066	 0.053	 0.042	 0.041	 0.045	  5545	  7393	  7323	  8120	  8120	   04:40
  75	 0.019	 0.008	 0.014	 0.002	 0.003	-0.007	-0.028	-0.009	 0.098	 0.065	 0.077	 0.087	 0.039	 0.052	 0.047	 0.041	  5652	  7296	  7784	  7632	  7784	   04:44
  76	 0.004	-0.013	 0.037	 0.035	 0.005	 0.014	 0.004	-0.008	 0.082	 0.076	 0.087	 0.098	 0.041	 0.050	 0.044	 0.047	  6491	  7234	  7574	  7100	  7574	   03:40
  77	-0.007	-0.009	-0.003	-0.015	 0.007	-0.005	 0.021	 0.015	 0.077	 0.091	 0.072	 0.087	 0.044	 0.045	 0.042	 0.045	  6798	  6052	  7837	  7689	  7837	   03:34
  78	-0.012	 0.013	 0.023	 0.032	 0.002	-0.009	-0.016	-0.015	 0.082	 0.082	 0.078	 0.093	 0.051	 0.043	 0.045	 0.052	  7155	  6069	  8013	  7052	  8013	   03:28
  79	 0.029	-0.019	 0.029	 0.025	-0.021	 0.042	-0.028	-0.003	 0.083	 0.094	 0.073	 0.060	 0.040	 0.049	 0.052	 0.043	  6094	  7235	  7206	  7797	  7797	   03:48
  80	 0.013	-0.008	 0.017	 0.014	-0.009	-0.011	-0.001	 0.005	 0.083	 0.068	 0.070	 0.081	 0.045	 0.055	 0.040	 0.046	  5939	  7189	  7815	  7354	  7815	   03:30
  81	-0.006	 0.009	-0.005	-0.001	 0.015	-0.028	 0.023	 0.008	 0.074	 0.087	 0.085	 0.074	 0.040	 0.044	 0.044	 0.050	  7023	  5646	  7641	  8074	  8074	   03:44
  82	-0.013	-0.007	-0.036	-0.017	 0.001	 0.007	-0.006	 0.011	 0.091	 0.108	 0.088	 0.073	 0.045	 0.051	 0.040	 0.043	  6888	  5720	  7866	  7852	  7866	   03:56
  83	-0.019	 0.003	-0.022	 0.016	-0.009	-0.017	-0.017	-0.000	 0.074	 0.075	 0.087	 0.079	 0.047	 0.047	 0.048	 0.045	  7094	  6022	  8123	  7082	  8123	   04:08
  84	-0.035	 0.002	 0.006	-0.017	-0.004	 0.025	-0.004	 0.000	 0.092	 0.090	 0.075	 0.072	 0.050	 0.049	 0.043	 0.046	  7289	  5660	  7092	  8192	  8192	   04:05
  85	-0.049	 0.020	 0.031	 0.001	-0.002	-0.002	 0.002	 0.024	 0.092	 0.056	 0.088	 0.077	 0.042	 0.052	 0.050	 0.048	  7553	  6079	  6477	  8217	  8217	   04:06
  86	 0.005	-0.005	 0.030	 0.003	 0.004	-0.006	 0.026	 0.013	 0.080	 0.072	 0.061	 0.092	 0.044	 0.044	 0.048	 0.037	  6296	  6796	  7861	  7521	  7861	   04:17
  87	-0.040	 0.011	 0.012	 0.028	-0.026	-0.011	-0.023	 0.030	 0.066	 0.079	 0.088	 0.076	 0.045	 0.037	 0.044	 0.043	  8440	  5550	  7252	  7457	  8440	   06:31
  88	-0.001	-0.005	-0.022	 0.033	 0.020	 0.022	-0.023	 0.018	 0.078	 0.083	 0.088	 0.079	 0.043	 0.039	 0.045	 0.042	  6784	  6627	  8444	  6677	  8444	   06:21
  89	-0.005	-0.007	 0.000	 0.012	-0.022	-0.017	 0.003	 0.004	 0.083	 0.099	 0.084	 0.080	 0.038	 0.045	 0.046	 0.047	  6962	  6098	  7805	  7590	  7805	   03:34
  90	-0.020	 0.024	-0.029	-0.024	 0.021	 0.014	 0.016	 0.024	 0.081	 0.090	 0.089	 0.088	 0.041	 0.046	 0.049	 0.039	  7499	  5191	  7843	  7845	  7845	   03:32
  91	 0.014	 0.018	 0.037	-0.031	-0.001	 0.012	-0.024	-0.017	 0.064	 0.071	 0.068	 0.064	 0.049	 0.043	 0.049	 0.042	  6822	  5957	  6359	  9162	  9162	   03:38
  92	 0.001	 0.015	-0.034	 0.019	 0.027	-0.010	 0.005	-0.019	 0.075	 0.069	 0.094	 0.071	 0.046	 0.041	 0.053	 0.043	  6482	  6042	  8398	  7366	  8398	   03:36
  93	 0.005	 0.006	 0.001	-0.013	-0.012	 0.005	-0.018	 0.001	 0.075	 0.086	 0.075	 0.078	 0.046	 0.038	 0.051	 0.045	  6804	  6029	  7533	  7962	  7962	   03:26
  94	 0.000	 0.012	-0.033	-0.001	-0.016	 0.008	 0.018	 0.014	 0.075	 0.089	 0.078	 0.093	 0.043	 0.039	 0.042	 0.058	  7032	  5803	  8665	  6821	  8665	   03:34
  95	 0.001	 0.004	-0.002	 0.022	 0.018	 0.003	-0.020	 0.006	 0.092	 0.081	 0.066	 0.051	 0.044	 0.040	 0.050	 0.041	  6291	  6451	  8007	  7709	  8007	   03:26
  96	 0.011	-0.012	-0.013	-0.016	 0.033	 0.006	-0.036	-0.016	 0.069	 0.088	 0.081	 0.084	 0.038	 0.042	 0.038	 0.045	  6549	  6364	  7907	  7763	  7907	   03:50
  97	 0.012	-0.017	 0.014	-0.006	 0.009	-0.014	 0.038	-0.031	 0.085	 0.072	 0.080	 0.068	 0.041	 0.041	 0.055	 0.052	  5532	  6874	  7313	  8481	  8481	   03:52
  98	 0.009	 0.020	-0.019	 0.005	 0.014	-0.025	 0.009	 0.015	 0.079	 0.089	 0.093	 0.074	 0.045	 0.043	 0.050	 0.041	  6789	  5757	  7942	  7952	  7952	   03:54
  99	-0.016	-0.010	-0.015	-0.004	-0.007	-0.019	 0.002	-0.013	 0.070	 0.071	 0.075	 0.073	 0.040	 0.046	 0.049	 0.047	  6705	  6186	  7881	  7548	  7881	   04:00
 100	 0.009	-0.011	-0.016	 0.023	 0.014	-0.028	 0.014	-0.012	 0.089	 0.062	 0.083	 0.079	 0.049	 0.050	 0.050	 0.044	  5419	  7230	  8502	  7049	  8502	   04:10
 101	-0.004	-0.001	 0.029	 0.011	 0.022	 0.005	 0.027	-0.015	 0.077	 0.083	 0.086	 0.090	 0.039	 0.036	 0.039	 0.040	  6922	  6295	  7423	  7982	  7982	   04:20
 102	 0.004	-0.004	 0.008	 0.030	 0.012	-0.002	-0.038	 0.018	 0.078	 0.086	 0.077	 0.076	 0.050	 0.041	 0.049	 0.048	  6760	  6554	  7977	  7120	  7977	   03:48
 103	-0.002	-0.005	 0.014	-0.002	-0.037	-0.022	-0.004	 0.007	 0.084	 0.092	 0.096	 0.095	 0.042	 0.052	 0.045	 0.040	  6977	  6357	  7179	  7909	  7909	   04:12
 104	-0.014	 0.015	-0.012	-0.009	 0.006	-0.016	-0.012	 0.011	 0.077	 0.098	 0.049	 0.081	 0.040	 0.039	 0.050	 0.045	  7317	  5194	  8696	  7225	  8696	   04:06
 105	 0.001	 0.027	 0.004	-0.011	-0.005	 0.027	-0.012	 0.016	 0.069	 0.076	 0.086	 0.100	 0.051	 0.044	 0.044	 0.046	  7434	  5875	  7486	  7521	  7521	   03:36
 106	-0.005	 0.001	-0.031	-0.033	 0.007	 0.011	 0.006	 0.019	 0.080	 0.093	 0.081	 0.085	 0.041	 0.050	 0.043	 0.038	  6842	  5834	  7879	  7835	  7879	   04:00
 107	 0.004	 0.014	 0.020	-0.000	-0.028	-0.005	-0.005	-0.020	 0.072	 0.085	 0.090	 0.070	 0.052	 0.047	 0.043	 0.041	  7143	  5808	  6812	  8530	  8530	   03:44
 108	 0.003	-0.015	-0.010	 0.027	-0.011	 0.022	 0.013	 0.007	 0.098	 0.073	 0.073	 0.072	 0.047	 0.041	 0.055	 0.047	  5710	  7287	  8379	  6857	  8379	   04:05
 109	-0.011	 0.025	-0.001	-0.012	 0.026	 0.031	-0.025	 0.004	 0.087	 0.081	 0.097	 0.071	 0.039	 0.045	 0.044	 0.044	  7212	  5772	  6942	  8510	  8510	   03:46
 110	 0.001	-0.012	-0.016	 0.017	-0.019	-0.004	 0.015	 0.004	 0.071	 0.089	 0.071	 0.073	 0.054	 0.045	 0.041	 0.047	  6689	  6200	  8369	  7020	  8369	   03:50
 111	 0.011	-0.001	 0.020	 0.022	 0.002	 0.023	 0.014	-0.002	 0.097	 0.077	 0.091	 0.101	 0.042	 0.042	 0.042	 0.050	  6135	  7280	  7809	  7218	  7809	   03:42
 112	-0.030	 0.026	 0.006	 0.022	-0.016	 0.005	 0.010	 0.017	 0.085	 0.075	 0.071	 0.093	 0.050	 0.044	 0.040	 0.046	  7644	  5713	  8237	  6800	  8237	   03:36
 113	 0.017	 0.010	-0.017	 0.012	-0.022	 0.003	-0.000	-0.014	 0.089	 0.085	 0.080	 0.077	 0.040	 0.035	 0.048	 0.045	  6198	  6462	  8429	  7382	  8429	   03:26
 114	-0.004	-0.013	-0.030	 0.014	-0.013	-0.023	 0.013	 0.003	 0.085	 0.088	 0.079	 0.068	 0.045	 0.047	 0.042	 0.045	  6315	  6353	  8463	  7237	  8463	   03:28
 115	-0.010	 0.007	 0.017	-0.011	-0.003	 0.018	-0.015	-0.010	 0.087	 0.092	 0.074	 0.079	 0.045	 0.043	 0.048	 0.044	  7013	  5891	  7282	  8181	  8181	   03:30
 116	 0.008	 0.032	 0.019	 0.008	 0.005	 0.011	-0.006	 0.000	 0.084	 0.093	 0.083	 0.061	 0.049	 0.049	 0.047	 0.047	  7118	  5479	  7050	  8537	  8537	   03:36
 117	-0.004	-0.017	-0.017	 0.020	 0.009	 0.023	 0.001	 0.001	 0.082	 0.060	 0.067	 0.070	 0.039	 0.051	 0.043	 0.046	  5945	  7329	  8392	  6684	  8392	   03:28
 118	 0.020	-0.025	 0.004	-0.021	 0.002	-0.017	 0.005	 0.002	 0.065	 0.082	 0.084	 0.085	 0.044	 0.044	 0.049	 0.048	  6110	  6780	  7275	  8135	  8135	   03:20
 119	-0.009	 0.007	 0.048	 0.008	-0.011	-0.000	-0.020	-0.017	 0.088	 0.078	 0.077	 0.069	 0.043	 0.047	 0.047	 0.042	  6866	  6361	  6652	  8536	  8536	   03:38
 120	 0.009	-0.020	-0.007	 0.038	-0.009	-0.014	 0.014	 0.017	 0.067	 0.076	 0.074	 0.068	 0.045	 0.044	 0.051	 0.047	  6355	  6865	  8303	  6835	  8303	   03:56
 121	-0.029	 0.031	 0.022	 0.040	 0.005	 0.021	-0.026	-0.024	 0.070	 0.080	 0.055	 0.078	 0.040	 0.046	 0.042	 0.045	  8100	  5305	  8341	  6719	  8341	   04:09
 122	 0.010	-0.008	-0.025	 0.031	-0.024	-0.010	-0.032	 0.006	 0.073	 0.085	 0.084	 0.081	 0.041	 0.050	 0.047	 0.047	  6616	  6668	  8551	  6523	  8551	   03:40
 123	 0.015	-0.010	-0.012	 0.002	 0.013	-0.026	-0.030	 0.011	 0.083	 0.088	 0.080	 0.084	 0.042	 0.043	 0.045	 0.045	  6157	  6735	  8202	  7439	  8202	   03:46
 124	-0.007	-0.006	-0.004	-0.004	-0.015	-0.008	-0.020	 0.022	 0.085	 0.067	 0.087	 0.074	 0.052	 0.049	 0.048	 0.046	  6357	  6820	  7277	  7817	  7817	   05:53
 125	 0.037	-0.006	-0.009	 0.011	-0.005	 0.021	 0.015	-0.023	 0.072	 0.091	 0.078	 0.073	 0.036	 0.048	 0.046	 0.046	  6001	  6658	  8168	  7551	  8168	   04:55
 126	-0.015	-0.005	 0.027	 0.001	-0.029	-0.003	-0.003	-0.003	 0.075	 0.082	 0.089	 0.075	 0.047	 0.049	 0.041	 0.044	  7307	  6191	  6601	  8284	  8284	   06:05
 127	 0.006	-0.004	-0.003	-0.012	 0.029	 0.009	 0.009	-0.008	 0.081	 0.059	 0.076	 0.085	 0.044	 0.045	 0.049	 0.044	  5840	  6993	  7814	  7651	  7814	   03:30
 128	-0.016	 0.001	 0.001	-0.006	 0.007	 0.012	-0.004	 0.018	 0.078	 0.078	 0.093	 0.095	 0.044	 0.044	 0.041	 0.043	  7188	  6292	  7393	  7639	  7639	   03:38
 129	-0.019	 0.028	 0.005	 0.005	-0.003	-0.038	 0.017	-0.018	 0.098	 0.070	 0.070	 0.086	 0.049	 0.045	 0.043	 0.050	  6598	  5822	  8284	  7567	  8284	   03:44
 130	 0.030	-0.023	-0.016	-0.018	-0.018	 0.020	 0.004	-0.034	 0.092	 0.078	 0.075	 0.083	 0.048	 0.046	 0.045	 0.044	  5016	  7470	  8133	  7649	  8133	   03:38
 131	-0.026	-0.005	 0.009	-0.025	 0.004	 0.006	-0.024	 0.019	 0.084	 0.086	 0.076	 0.075	 0.041	 0.038	 0.042	 0.041	  7213	  6002	  6994	  8372	  8372	   03:34
 132	-0.008	 0.017	 0.017	 0.002	-0.019	 0.001	 0.000	 0.010	 0.077	 0.090	 0.089	 0.066	 0.040	 0.046	 0.045	 0.045	  7522	  5602	  6774	  8494	  8494	   03:46
 133	-0.032	 0.005	 0.004	-0.022	-0.003	 0.015	 0.034	-0.002	 0.083	 0.072	 0.080	 0.080	 0.051	 0.044	 0.043	 0.040	  7145	  5845	  7140	  8218	  8218	   03:40
 134	-0.025	 0.008	 0.015	-0.008	 0.022	-0.014	 0.009	 0.033	 0.067	 0.088	 0.075	 0.064	 0.041	 0.038	 0.046	 0.046	  7783	  5275	  6955	  8520	  8520	   03:52
 135	-0.001	 0.013	-0.014	 0.037	 0.014	-0.012	-0.005	 0.002	 0.088	 0.089	 0.069	 0.089	 0.043	 0.039	 0.045	 0.049	  6710	  6110	  9207	  6376	  9207	   03:50
 136	 0.042	 0.003	-0.005	-0.020	 0.001	 0.001	 0.004	-0.008	 0.060	 0.069	 0.069	 0.076	 0.050	 0.049	 0.045	 0.047	  5807	  6676	  7762	  7933	  7933	   03:40
 137	-0.001	 0.016	-0.009	 0.005	-0.011	-0.005	-0.003	-0.014	 0.096	 0.065	 0.065	 0.071	 0.048	 0.042	 0.047	 0.049	  5997	  6516	  8319	  7411	  8319	   04:02
 138	 0.046	-0.022	 0.001	 0.016	-0.007	-0.023	-0.009	-0.002	 0.086	 0.097	 0.091	 0.080	 0.044	 0.046	 0.038	 0.046	  5424	  7349	  7947	  7727	  7947	   04:10
 139	-0.009	-0.012	 0.007	 0.016	 0.014	-0.009	-0.026	-0.007	 0.081	 0.053	 0.090	 0.067	 0.053	 0.047	 0.036	 0.049	  6110	  7249	  7255	  7750	  7750	   03:40
 140	 0.007	 0.006	 0.010	 0.012	 0.021	 0.002	-0.016	-0.016	 0.071	 0.076	 0.096	 0.070	 0.046	 0.045	 0.046	 0.047	  6725	  6271	  7149	  8168	  8168	   03:38
 141	-0.002	-0.004	-0.014	 0.004	 0.004	-0.003	-0.018	 0.009	 0.085	 0.076	 0.078	 0.088	 0.043	 0.048	 0.038	 0.038	  6401	  6745	  8258	  7094	  8258	   03:34
 142	 0.013	-0.018	 0.003	 0.006	 0.004	-0.010	 0.000	-0.002	 0.075	 0.098	 0.088	 0.068	 0.041	 0.044	 0.045	 0.034	  6492	  6410	  7427	  8203	  8203	   03:52
 143	-0.016	 0.003	 0.001	-0.001	 0.005	-0.007	-0.016	-0.000	 0.076	 0.093	 0.070	 0.096	 0.047	 0.042	 0.037	 0.047	  7335	  5721	  8180	  7196	  8180	   04:04
 144	 0.015	-0.003	-0.019	-0.036	 0.007	 0.009	 0.003	-0.024	 0.078	 0.077	 0.075	 0.082	 0.036	 0.045	 0.043	 0.045	  5983	  6487	  7826	  8091	  8091	   04:10
 145	 0.008	 0.008	 0.025	 0.018	-0.007	 0.001	-0.011	-0.036	 0.078	 0.089	 0.084	 0.074	 0.044	 0.045	 0.045	 0.037	  6825	  6123	  7383	  8119	  8119	   04:02
 146	 0.008	 0.007	-0.008	-0.022	-0.021	-0.000	-0.014	 0.032	 0.086	 0.078	 0.101	 0.109	 0.041	 0.040	 0.051	 0.042	  6607	  6708	  7492	  7717	  7717	   04:04
 147	 0.008	 0.001	 0.012	 0.010	 0.002	 0.006	 0.009	 0.019	 0.075	 0.084	 0.078	 0.085	 0.043	 0.045	 0.047	 0.040	  6779	  6431	  7716	  7537	  7716	   04:12
 148	-0.021	 0.026	 0.015	-0.023	 0.012	 0.013	-0.014	 0.009	 0.077	 0.088	 0.090	 0.072	 0.042	 0.042	 0.044	 0.040	  7832	  5146	  6551	  8937	  8937	   04:12
 149	-0.003	 0.012	-0.007	 0.002	 0.005	-0.002	-0.020	 0.000	 0.082	 0.088	 0.080	 0.072	 0.046	 0.042	 0.043	 0.038	  6929	  5884	  7813	  7872	  7872	   03:50
 150	-0.001	 0.001	-0.015	-0.001	 0.016	-0.018	 0.024	-0.009	 0.069	 0.085	 0.084	 0.083	 0.039	 0.043	 0.044	 0.048	  6818	  5840	  8082	  7636	  8082	   03:52
 151	-0.017	-0.006	 0.003	-0.008	 0.017	-0.006	 0.005	 0.009	 0.080	 0.068	 0.102	 0.075	 0.046	 0.048	 0.044	 0.040	  6728	  6500	  6782	  8388	  8388	   04:30
 152	 0.012	-0.010	 0.007	 0.005	 0.011	-0.015	-0.019	 0.007	 0.082	 0.076	 0.066	 0.086	 0.050	 0.042	 0.041	 0.047	  6015	  6962	  8165	  7259	  8165	   03:46
 153	 0.012	-0.004	-0.023	-0.012	 0.019	-0.008	 0.002	 0.002	 0.088	 0.063	 0.071	 0.080	 0.046	 0.046	 0.040	 0.049	  5511	  7064	  8356	  7392	  8356	   03:28
 154	 0.023	 0.012	-0.005	-0.002	 0.001	 0.023	 0.031	 0.001	 0.088	 0.076	 0.082	 0.072	 0.046	 0.055	 0.047	 0.040	  5941	  6616	  7691	  7958	  7958	   03:42
 155	-0.002	 0.005	 0.006	 0.015	 0.006	 0.018	-0.021	 0.023	 0.073	 0.083	 0.083	 0.090	 0.038	 0.046	 0.043	 0.047	  7242	  6352	  7778	  7161	  7778	   03:42
 156	 0.003	-0.003	 0.042	 0.004	 0.028	 0.006	-0.003	-0.010	 0.084	 0.080	 0.105	 0.079	 0.048	 0.043	 0.046	 0.044	  6581	  6621	  6328	  8822	  8822	   03:46
 157	-0.021	 0.005	-0.008	-0.015	-0.007	 0.010	 0.014	-0.004	 0.082	 0.096	 0.079	 0.104	 0.048	 0.034	 0.041	 0.044	  7373	  5568	  8113	  7396	  8113	   03:36
 158	 0.002	-0.006	-0.002	 0.011	 0.003	 0.028	-0.011	-0.012	 0.076	 0.074	 0.074	 0.080	 0.037	 0.045	 0.045	 0.054	  6505	  6775	  7953	  7098	  7953	   03:44
 159	 0.009	 0.003	-0.006	-0.007	-0.013	 0.021	 0.022	-0.011	 0.080	 0.094	 0.077	 0.093	 0.048	 0.047	 0.042	 0.041	  6676	  6085	  8117	  7452	  8117	   03:17
 160	 0.015	 0.034	 0.028	-0.016	-0.001	 0.004	 0.004	-0.014	 0.080	 0.078	 0.077	 0.082	 0.049	 0.045	 0.044	 0.049	  6787	  5822	  7056	  8557	  8557	   03:46
 161	-0.036	 0.002	 0.013	-0.021	-0.005	-0.001	-0.002	-0.003	 0.083	 0.075	 0.062	 0.086	 0.049	 0.033	 0.038	 0.042	  7226	  5865	  7558	  7867	  7867	   03:30
 162	 0.005	 0.003	-0.004	-0.002	-0.027	 0.010	-0.016	-0.009	 0.065	 0.081	 0.080	 0.081	 0.053	 0.045	 0.046	 0.043	  6995	  6115	  7625	  7539	  7625	   03:32
 163	-0.009	 0.040	-0.011	 0.008	-0.006	-0.021	 0.012	 0.004	 0.073	 0.101	 0.069	 0.073	 0.047	 0.047	 0.052	 0.046	  7783	  4510	  8334	  7594	  8334	   03:40
 164	-0.006	 0.019	-0.014	 0.006	-0.012	 0.012	 0.011	 0.007	 0.086	 0.077	 0.067	 0.055	 0.048	 0.044	 0.046	 0.042	  6685	  5875	  7981	  7768	  7981	   03:33
 165	-0.022	-0.016	 0.009	 0.014	-0.002	-0.014	 0.021	 0.009	 0.086	 0.086	 0.095	 0.064	 0.048	 0.040	 0.042	 0.045	  6893	  6317	  6999	  8265	  8265	   03:33
 166	 0.019	-0.007	 0.002	 0.030	 0.012	-0.034	-0.012	 0.001	 0.089	 0.077	 0.072	 0.082	 0.046	 0.051	 0.042	 0.046	  5711	  7114	  8572	  6954	  8572	   03:34
 167	-0.012	 0.016	 0.016	 0.013	 0.018	-0.019	-0.009	-0.007	 0.073	 0.071	 0.085	 0.086	 0.059	 0.057	 0.046	 0.041	  7089	  5879	  7515	  7645	  7645	   03:17
 168	-0.018	-0.032	 0.011	-0.002	 0.002	-0.011	-0.008	 0.003	 0.094	 0.084	 0.083	 0.077	 0.041	 0.049	 0.042	 0.047	  6261	  6967	  7247	  7949	  7949	   03:21
 169	 0.018	 0.008	-0.013	-0.004	 0.013	 0.025	 0.006	 0.034	 0.094	 0.081	 0.080	 0.089	 0.040	 0.040	 0.051	 0.045	  6076	  6839	  8154	  7359	  8154	   03:48
 170	 0.006	-0.019	-0.001	 0.011	 0.007	-0.015	 0.019	 0.013	 0.077	 0.064	 0.095	 0.079	 0.046	 0.041	 0.046	 0.049	  5978	  7233	  7491	  7675	  7675	   03:38
 171	 0.016	-0.027	-0.031	-0.009	-0.015	 0.014	 0.010	-0.003	 0.075	 0.070	 0.072	 0.081	 0.044	 0.042	 0.051	 0.043	  5577	  7277	  8424	  7030	  8424	   03:36
 172	-0.044	-0.031	 0.015	-0.026	-0.027	 0.000	-0.007	-0.029	 0.077	 0.075	 0.062	 0.075	 0.039	 0.039	 0.043	 0.048	  7060	  6289	  7052	  8004	  8004	   03:54
 173	 0.007	 0.022	 0.009	 0.029	 0.017	-0.017	 0.001	-0.013	 0.080	 0.077	 0.092	 0.067	 0.038	 0.051	 0.045	 0.044	  6753	  6076	  7596	  7973	  7973	   04:04
 174	-0.013	 0.013	-0.018	-0.010	-0.018	 0.020	 0.011	 0.003	 0.082	 0.082	 0.092	 0.093	 0.047	 0.048	 0.042	 0.043	  7185	  5920	  7756	  7472	  7756	   05:47
 175	 0.008	-0.016	 0.002	-0.005	-0.033	 0.015	 0.028	 0.015	 0.093	 0.083	 0.088	 0.078	 0.040	 0.041	 0.035	 0.036	  6180	  7102	  7385	  8017	  8017	   06:33
 176	-0.014	 0.028	 0.041	 0.000	-0.014	-0.004	-0.001	 0.012	 0.079	 0.069	 0.080	 0.080	 0.049	 0.052	 0.047	 0.044	  7433	  5859	  6644	  8328	  8328	   04:02
 177	 0.001	-0.001	 0.002	-0.029	 0.000	-0.003	 0.017	 0.016	 0.074	 0.087	 0.077	 0.072	 0.045	 0.041	 0.043	 0.048	  6773	  5951	  7083	  8548	  8548	   04:08
 178	 0.015	-0.030	 0.019	 0.021	 0.026	-0.006	-0.008	 0.001	 0.067	 0.082	 0.074	 0.081	 0.034	 0.050	 0.047	 0.044	  6210	  7121	  7825	  7340	  7825	   04:10
 179	-0.001	-0.019	 0.005	 0.006	-0.019	 0.002	 0.012	 0.022	 0.090	 0.066	 0.091	 0.079	 0.043	 0.040	 0.040	 0.052	  6054	  7447	  7292	  7708	  7708	   04:12
 180	 0.011	 0.010	-0.006	 0.019	 0.003	 0.035	 0.019	-0.006	 0.071	 0.061	 0.095	 0.057	 0.048	 0.042	 0.043	 0.039	  6480	  6719	  7263	  7991	  7991	   04:12
 181	-0.017	 0.005	 0.031	 0.026	 0.006	-0.009	-0.006	 0.004	 0.091	 0.092	 0.079	 0.079	 0.042	 0.037	 0.046	 0.043	  7177	  6060	  7526	  7793	  7793	   03:56
 182	-0.037	 0.027	 0.015	 0.025	-0.026	 0.001	-0.014	-0.007	 0.094	 0.081	 0.076	 0.085	 0.035	 0.049	 0.040	 0.052	  7760	  5671	  7836	  7188	  7836	   03:50
 183	-0.000	-0.002	-0.002	 0.011	 0.001	-0.029	-0.010	 0.035	 0.068	 0.067	 0.064	 0.084	 0.048	 0.053	 0.044	 0.046	  6608	  6596	  8250	  6965	  8250	   03:49
 184	-0.011	 0.004	-0.011	-0.009	 0.001	 0.008	-0.046	-0.028	 0.086	 0.082	 0.080	 0.101	 0.047	 0.051	 0.037	 0.044	  6818	  6315	  8168	  7084	  8168	   03:56
 185	-0.006	-0.014	 0.008	-0.029	 0.006	 0.001	 0.023	-0.004	 0.074	 0.069	 0.074	 0.063	 0.046	 0.044	 0.047	 0.048	  6294	  6453	  6803	  8703	  8703	   04:04
 186	-0.005	-0.025	 0.034	-0.008	-0.009	 0.002	-0.018	 0.022	 0.072	 0.071	 0.086	 0.078	 0.047	 0.053	 0.047	 0.047	  6639	  7052	  6374	  8258	  8258	   03:34
 187	 0.016	 0.010	-0.007	 0.009	 0.010	-0.004	-0.021	 0.040	 0.085	 0.071	 0.092	 0.077	 0.043	 0.045	 0.050	 0.043	  6274	  6891	  7650	  7659	  7659	   03:28
 188	-0.032	 0.008	-0.008	-0.006	-0.008	-0.012	-0.013	-0.009	 0.091	 0.081	 0.082	 0.090	 0.042	 0.042	 0.040	 0.041	  7169	  5866	  7910	  7550	  7910	   03:36
 189	 0.004	 0.029	-0.029	-0.010	-0.015	 0.018	-0.005	-0.017	 0.085	 0.068	 0.100	 0.066	 0.045	 0.044	 0.053	 0.048	  6539	  6035	  7424	  8196	  8196	   03:38
 190	-0.027	-0.045	-0.043	-0.006	-0.003	 0.026	 0.011	 0.013	 0.081	 0.068	 0.087	 0.085	 0.051	 0.051	 0.045	 0.039	  6194	  7294	  8116	  6708	  8116	   03:44
 191	-0.001	 0.003	 0.001	-0.003	-0.006	 0.020	 0.007	-0.001	 0.074	 0.079	 0.084	 0.074	 0.046	 0.048	 0.041	 0.048	  6881	  6222	  7284	  7904	  7904	   03:36
 192	-0.015	-0.053	-0.018	-0.010	 0.003	-0.004	 0.045	-0.001	 0.068	 0.080	 0.086	 0.069	 0.047	 0.037	 0.042	 0.050	  6222	  6830	  7467	  7862	  7862	   03:24
 193	-0.007	 0.014	 0.011	 0.000	-0.003	-0.014	 0.001	 0.008	 0.080	 0.077	 0.092	 0.078	 0.045	 0.056	 0.045	 0.046	  7018	  6019	  7047	  8154	  8154	   03:28
 194	-0.021	 0.011	 0.018	-0.008	 0.020	 0.004	-0.019	 0.025	 0.100	 0.079	 0.082	 0.089	 0.046	 0.041	 0.046	 0.038	  6890	  6324	  7326	  8022	  8022	   03:25
 195	 0.003	 0.001	-0.021	 0.006	-0.001	-0.015	-0.000	 0.029	 0.074	 0.074	 0.072	 0.075	 0.052	 0.050	 0.046	 0.046	  6468	  6397	  8275	  7138	  8275	   03:36
 196	-0.010	-0.020	 0.021	 0.010	-0.001	 0.020	-0.010	 0.028	 0.087	 0.088	 0.084	 0.088	 0.042	 0.043	 0.049	 0.053	  6784	  6838	  7268	  7476	  7476	   04:56
 197	 0.001	 0.009	 0.006	-0.019	 0.004	-0.024	 0.025	 0.016	 0.079	 0.077	 0.078	 0.084	 0.041	 0.044	 0.045	 0.056	  6613	  6112	  7434	  8158	  8158	   03:38
 198	 0.006	-0.026	-0.019	-0.014	-0.038	-0.040	-0.015	 0.019	 0.083	 0.078	 0.085	 0.083	 0.043	 0.047	 0.046	 0.045	  5930	  7098	  7770	  7658	  7770	   03:50
 199	 0.005	 0.011	 0.024	-0.015	 0.015	-0.021	-0.003	 0.017	 0.066	 0.085	 0.072	 0.086	 0.046	 0.043	 0.049	 0.045	  7110	  5754	  7276	  8238	  8238	   03:52
 200	 0.013	 0.017	 0.019	 0.010	 0.009	-0.026	 0.011	-0.006	 0.072	 0.095	 0.073	 0.080	 0.051	 0.040	 0.045	 0.040	  6962	  5593	  7865	  8000	  8000	   03:54
 201	-0.022	 0.015	 0.011	-0.018	-0.008	 0.006	 0.006	 0.012	 0.080	 0.079	 0.079	 0.086	 0.049	 0.046	 0.046	 0.048	  7385	  5677	  7144	  8051	  8051	   03:36
 202	-0.005	-0.005	 0.003	 0.013	-0.004	 0.004	-0.017	 0.009	 0.072	 0.079	 0.079	 0.076	 0.044	 0.045	 0.041	 0.051	  6945	  6419	  7640	  7381	  7640	   03:22
 203	-0.001	-0.003	 0.017	 0.003	 0.015	-0.020	 0.016	 0.002	 0.076	 0.062	 0.066	 0.073	 0.037	 0.040	 0.049	 0.049	  6230	  6683	  7647	  7841	  7841	   03:28
 204	-0.025	 0.009	-0.024	 0.007	-0.009	-0.012	 0.007	-0.025	 0.087	 0.069	 0.068	 0.088	 0.043	 0.038	 0.048	 0.046	  6676	  6041	  8873	  6771	  8873	   03:46
 205	-0.003	-0.033	-0.014	 0.009	-0.011	-0.005	 0.033	-0.020	 0.053	 0.076	 0.079	 0.073	 0.049	 0.042	 0.053	 0.048	  6607	  6445	  7915	  7272	  7915	   03:50
 206	 0.021	 0.023	-0.048	 0.007	-0.025	-0.010	-0.004	-0.016	 0.068	 0.087	 0.110	 0.094	 0.043	 0.046	 0.040	 0.043	  6937	  5866	  8497	  7143	  8497	   03:50
 207	-0.022	 0.018	-0.006	 0.004	-0.002	-0.018	 0.012	 0.020	 0.089	 0.081	 0.088	 0.080	 0.048	 0.044	 0.043	 0.039	  7192	  5776	  7708	  7820	  7820	   03:46
 208	-0.004	 0.011	-0.012	 0.000	-0.018	-0.001	 0.007	 0.015	 0.072	 0.092	 0.082	 0.069	 0.042	 0.050	 0.045	 0.048	  7317	  5581	  7594	  7808	  7808	   04:00
 209	 0.024	 0.025	-0.005	-0.014	-0.005	-0.011	 0.016	-0.035	 0.083	 0.049	 0.074	 0.075	 0.044	 0.044	 0.041	 0.047	  5538	  6772	  7921	  8083	  8083	   04:04
 210	 0.031	-0.001	 0.002	 0.008	-0.003	 0.009	-0.035	 0.012	 0.070	 0.081	 0.094	 0.083	 0.050	 0.048	 0.048	 0.041	  6359	  6873	  7474	  7628	  7628	   04:02
 211	 0.024	-0.035	-0.009	 0.016	 0.016	 0.010	-0.027	-0.016	 0.071	 0.080	 0.086	 0.083	 0.046	 0.044	 0.056	 0.051	  5690	  7437	  8073	  7009	  8073	   04:00
 212	-0.018	-0.018	-0.007	-0.005	 0.024	-0.035	-0.006	 0.027	 0.069	 0.073	 0.082	 0.086	 0.049	 0.041	 0.046	 0.039	  6769	  6413	  7777	  7615	  7777	   03:50
 213	-0.002	 0.006	-0.020	 0.012	 0.031	 0.027	-0.007	-0.008	 0.074	 0.077	 0.067	 0.062	 0.041	 0.046	 0.040	 0.046	  6672	  6090	  8328	  7303	  8328	   04:10
 214	 0.002	 0.007	-0.010	-0.028	 0.001	 0.011	-0.011	 0.031	 0.062	 0.075	 0.070	 0.081	 0.052	 0.045	 0.048	 0.045	  6999	  5972	  7527	  7784	  7784	   05:27
 215	-0.004	 0.030	 0.011	 0.017	-0.008	 0.010	 0.008	 0.011	 0.086	 0.091	 0.074	 0.088	 0.042	 0.052	 0.046	 0.046	  7347	  5611	  8032	  7281	  8032	   05:10
 216	 0.003	 0.010	 0.021	 0.034	 0.042	 0.002	-0.009	 0.005	 0.090	 0.064	 0.088	 0.071	 0.044	 0.037	 0.048	 0.050	  6254	  6911	  7586	  7720	  7720	   05:02
 217	-0.008	-0.013	 0.026	-0.025	-0.010	 0.017	-0.004	-0.051	 0.087	 0.078	 0.089	 0.086	 0.042	 0.045	 0.037	 0.045	  6430	  6744	  6622	  8656	  8656	   03:50
 218	 0.003	-0.011	 0.023	-0.006	 0.008	 0.001	-0.002	-0.012	 0.082	 0.095	 0.085	 0.096	 0.050	 0.043	 0.053	 0.040	  6617	  6328	  7360	  7968	  7968	   05:49
 219	 0.038	-0.007	-0.009	-0.021	 0.011	-0.016	 0.015	 0.011	 0.083	 0.063	 0.065	 0.082	 0.041	 0.042	 0.044	 0.041	  5021	  7432	  8246	  7758	  8246	   03:28
 220	-0.030	 0.016	 0.006	-0.001	-0.004	-0.006	-0.002	-0.001	 0.073	 0.096	 0.069	 0.083	 0.047	 0.048	 0.047	 0.048	  7946	  4924	  7772	  7596	  7946	   03:42
 221	 0.012	-0.008	 0.013	 0.008	 0.017	 0.004	-0.000	 0.007	 0.095	 0.104	 0.084	 0.091	 0.043	 0.043	 0.039	 0.047	  6389	  6574	  7815	  7682	  7815	   03:38
 222	 0.028	-0.014	-0.008	 0.013	-0.006	-0.011	-0.008	-0.030	 0.067	 0.092	 0.058	 0.094	 0.043	 0.047	 0.054	 0.047	  6078	  6522	  9069	  6521	  9069	   03:42
 223	-0.005	 0.001	-0.003	-0.012	 0.010	-0.031	 0.027	 0.015	 0.074	 0.077	 0.082	 0.094	 0.043	 0.046	 0.047	 0.045	  6713	  6123	  7830	  7725	  7830	   03:32
 224	-0.010	 0.005	-0.009	 0.010	-0.015	-0.017	-0.011	 0.007	 0.074	 0.075	 0.074	 0.082	 0.040	 0.048	 0.047	 0.036	  6970	  6166	  8175	  7165	  8175	   03:32
 225	-0.002	-0.019	-0.007	-0.007	 0.017	 0.008	 0.014	-0.011	 0.080	 0.074	 0.078	 0.082	 0.046	 0.047	 0.045	 0.042	  6084	  6806	  7834	  7584	  7834	   03:24
 226	 0.005	-0.032	 0.007	-0.017	 0.009	 0.009	-0.041	-0.041	 0.087	 0.066	 0.076	 0.081	 0.042	 0.047	 0.049	 0.043	  5476	  7636	  7429	  7845	  7845	   03:40
 227	-0.028	-0.001	 0.002	-0.014	 0.002	-0.007	 0.006	 0.008	 0.086	 0.085	 0.075	 0.069	 0.047	 0.042	 0.051	 0.045	  7042	  5741	  7279	  8233	  8233	   03:16
 228	-0.006	-0.017	-0.001	 0.008	-0.000	 0.022	-0.009	-0.016	 0.106	 0.082	 0.070	 0.097	 0.048	 0.048	 0.042	 0.049	  5850	  7219	  8444	  6743	  8444	   03:30
 229	-0.000	 0.002	 0.001	-0.013	 0.002	-0.003	 0.003	 0.020	 0.065	 0.081	 0.091	 0.065	 0.047	 0.047	 0.044	 0.048	  7091	  5942	  6757	  8520	  8520	   03:34
 230	 0.006	 0.018	-0.015	-0.020	-0.020	-0.025	 0.004	 0.004	 0.096	 0.080	 0.056	 0.087	 0.043	 0.049	 0.041	 0.041	  6075	  6182	  8706	  7441	  8706	   03:48
 231	-0.005	 0.014	-0.039	 0.002	-0.007	 0.012	-0.005	-0.003	 0.097	 0.073	 0.077	 0.082	 0.037	 0.044	 0.050	 0.049	  6235	  6442	  8746	  6879	  8746	   03:46
 232	-0.011	-0.021	 0.005	-0.018	 0.013	 0.015	 0.010	 0.006	 0.097	 0.085	 0.099	 0.075	 0.044	 0.042	 0.039	 0.040	  6285	  6836	  6730	  8613	  8613	   03:52
 233	-0.027	 0.010	-0.028	-0.002	-0.000	 0.008	-0.027	 0.008	 0.082	 0.072	 0.081	 0.063	 0.051	 0.045	 0.043	 0.044	  7085	  5889	  7768	  7597	  7768	   03:50
 234	-0.023	 0.001	 0.024	 0.001	-0.009	 0.013	 0.007	-0.017	 0.095	 0.078	 0.087	 0.080	 0.054	 0.038	 0.045	 0.044	  6823	  6318	  6995	  8192	  8192	   03:44
 235	 0.025	 0.009	 0.035	-0.014	 0.012	-0.009	 0.001	-0.005	 0.102	 0.058	 0.060	 0.065	 0.043	 0.043	 0.051	 0.049	  5133	  7310	  7164	  8643	  8643	   04:08
 236	 0.018	-0.022	-0.002	 0.012	-0.019	-0.013	 0.003	-0.005	 0.061	 0.079	 0.074	 0.067	 0.045	 0.051	 0.051	 0.052	  6242	  6714	  7739	  7456	  7739	   03:48
 237	 0.003	-0.011	-0.003	-0.003	 0.036	 0.015	-0.033	 0.047	 0.089	 0.084	 0.077	 0.074	 0.049	 0.047	 0.039	 0.043	  6373	  6881	  7648	  7661	  7661	   03:42
 238	-0.015	-0.010	-0.000	 0.018	-0.027	-0.007	 0.018	 0.010	 0.079	 0.072	 0.076	 0.087	 0.046	 0.035	 0.048	 0.043	  6799	  6624	  8104	  6978	  8104	   03:28
 239	 0.013	-0.013	-0.006	-0.041	 0.006	 0.006	-0.019	-0.013	 0.074	 0.088	 0.087	 0.086	 0.041	 0.042	 0.044	 0.041	  6344	  6431	  7167	  8489	  8489	   03:30
 240	 0.005	-0.017	 0.005	 0.014	 0.005	 0.017	 0.008	-0.006	 0.088	 0.086	 0.079	 0.089	 0.052	 0.041	 0.041	 0.050	  6160	  6921	  8038	  7166	  8038	   03:34
 241	-0.010	 0.032	-0.008	-0.011	-0.009	 0.005	-0.022	 0.009	 0.090	 0.080	 0.097	 0.084	 0.047	 0.044	 0.044	 0.037	  7199	  5759	  7374	  8140	  8140	   04:02
 242	 0.032	 0.002	 0.020	-0.013	 0.004	 0.032	-0.024	-0.005	 0.079	 0.073	 0.082	 0.084	 0.042	 0.048	 0.042	 0.047	  5992	  7182	  7101	  8130	  8130	   04:14
 243	 0.027	-0.012	-0.014	 0.017	-0.010	 0.001	 0.036	-0.006	 0.077	 0.071	 0.086	 0.075	 0.041	 0.048	 0.054	 0.050	  5620	  7119	  8150	  7305	  8150	   04:04
 244	 0.002	-0.029	-0.005	-0.000	 0.003	 0.018	 0.009	-0.013	 0.096	 0.076	 0.083	 0.083	 0.044	 0.043	 0.047	 0.042	  5573	  7431	  7847	  7497	  7847	   03:58
 245	-0.017	-0.022	-0.007	-0.009	 0.009	 0.011	-0.002	-0.007	 0.090	 0.073	 0.076	 0.082	 0.046	 0.050	 0.044	 0.041	  6163	  6908	  7760	  7487	  7760	   03:45
 246	 0.014	-0.018	 0.022	-0.001	-0.040	 0.016	-0.013	-0.011	 0.090	 0.094	 0.080	 0.064	 0.036	 0.044	 0.043	 0.042	  6247	  6931	  6909	  8435	  8435	   04:22
 247	-0.000	 0.003	-0.009	 0.005	 0.008	-0.013	 0.026	 0.003	 0.093	 0.089	 0.068	 0.056	 0.045	 0.043	 0.042	 0.044	  6214	  6064	  8062	  8035	  8062	   03:40
 248	-0.006	-0.002	 0.010	-0.011	-0.003	 0.016	 0.011	-0.014	 0.082	 0.079	 0.081	 0.073	 0.045	 0.052	 0.046	 0.037	  6632	  6297	  7101	  8274	  8274	   03:40
 249	 0.021	-0.009	-0.002	-0.005	-0.016	-0.010	 0.002	 0.006	 0.073	 0.060	 0.071	 0.088	 0.041	 0.051	 0.049	 0.043	  5761	  7271	  8013	  7271	  8013	   03:40
 250	-0.026	 0.015	-0.011	-0.009	-0.000	-0.011	 0.021	-0.010	 0.073	 0.084	 0.085	 0.084	 0.050	 0.050	 0.038	 0.051	  7540	  5220	  7678	  7781	  7781	   03:44
 251	 0.024	-0.007	 0.023	-0.039	 0.008	-0.003	 0.012	-0.012	 0.094	 0.074	 0.077	 0.088	 0.043	 0.042	 0.048	 0.044	  5422	  7120	  7010	  8760	  8760	   04:06
 252	-0.020	 0.011	-0.002	-0.015	-0.014	 0.026	-0.018	 0.038	 0.088	 0.085	 0.057	 0.083	 0.044	 0.041	 0.050	 0.043	  7206	  5930	  7930	  7338	  7930	   04:09
 253	-0.002	 0.018	 0.012	-0.054	-0.004	-0.007	 0.003	-0.003	 0.079	 0.080	 0.059	 0.078	 0.040	 0.047	 0.050	 0.048	  6759	  5586	  7087	  8822	  8822	   04:22
 254	 0.011	-0.003	 0.003	 0.004	-0.032	-0.025	 0.020	-0.019	 0.088	 0.085	 0.083	 0.073	 0.049	 0.048	 0.038	 0.046	  6139	  6464	  7691	  8023	  8023	   04:22
 255	 0.012	-0.036	 0.011	 0.027	 0.013	-0.013	-0.012	-0.003	 0.079	 0.099	 0.089	 0.085	 0.045	 0.038	 0.049	 0.048	  6202	  7004	  7874	  7363	  7874	   04:16
 256	 0.025	 0.024	-0.021	-0.018	-0.035	 0.005	 0.002	 0.001	 0.081	 0.063	 0.063	 0.059	 0.043	 0.049	 0.040	 0.040	  5896	  6476	  8017	  7985	  8017	   04:18
 257	-0.003	 0.010	-0.012	-0.003	 0.000	 0.004	 0.004	 0.004	 0.087	 0.075	 0.084	 0.070	 0.047	 0.053	 0.041	 0.039	  6505	  6292	  7619	  7896	  7896	   03:56
 258	 0.007	-0.001	-0.026	-0.004	-0.001	 0.002	 0.000	 0.021	 0.085	 0.074	 0.077	 0.075	 0.048	 0.049	 0.048	 0.036	  6082	  6693	  8187	  7379	  8187	   03:58
 259	-0.007	-0.023	-0.001	 0.005	 0.011	 0.016	-0.030	-0.006	 0.066	 0.079	 0.079	 0.075	 0.050	 0.039	 0.041	 0.044	  6772	  6643	  7596	  7454	  7596	   03:52
 260	 0.000	-0.021	 0.015	 0.012	 0.021	-0.009	-0.009	-0.002	 0.078	 0.084	 0.078	 0.070	 0.041	 0.041	 0.048	 0.053	  6373	  6686	  7464	  7869	  7869	   06:09
 261	 0.009	-0.015	 0.005	-0.004	 0.023	 0.003	 0.008	-0.018	 0.059	 0.073	 0.087	 0.083	 0.046	 0.053	 0.050	 0.045	  6467	  6531	  7349	  7831	  7831	   04:24
 262	-0.004	 0.019	 0.018	 0.010	-0.007	-0.009	-0.031	 0.002	 0.069	 0.068	 0.091	 0.102	 0.051	 0.050	 0.052	 0.043	  7266	  6192	  7473	  7346	  7473	   04:36
 263	 0.016	 0.000	 0.014	 0.024	-0.025	 0.006	-0.013	-0.031	 0.108	 0.094	 0.077	 0.084	 0.041	 0.046	 0.049	 0.045	  5859	  6907	  8179	  7367	  8179	   03:50
 264	 0.003	 0.021	-0.027	-0.013	-0.023	 0.013	-0.010	 0.016	 0.095	 0.073	 0.086	 0.091	 0.045	 0.045	 0.040	 0.045	  6427	  6512	  8124	  7359	  8124	   03:56
 265	-0.016	-0.015	 0.017	 0.001	-0.002	-0.032	-0.018	 0.008	 0.049	 0.082	 0.081	 0.079	 0.036	 0.042	 0.043	 0.035	  7721	  5869	  7144	  7989	  7989	   04:10
 266	 0.019	 0.009	-0.017	-0.015	 0.017	-0.014	 0.013	 0.006	 0.059	 0.074	 0.065	 0.086	 0.039	 0.036	 0.056	 0.043	  6466	  6017	  8462	  7456	  8462	   03:40
 267	 0.031	 0.005	-0.010	 0.014	-0.010	 0.013	-0.009	-0.004	 0.090	 0.072	 0.067	 0.069	 0.048	 0.044	 0.051	 0.051	  5472	  7096	  8387	  7201	  8387	   06:41
 268	 0.010	 0.024	-0.001	-0.038	-0.015	 0.028	 0.002	-0.005	 0.056	 0.096	 0.098	 0.090	 0.043	 0.049	 0.048	 0.042	  7809	  5111	  6726	  8650	  8650	   06:53
 269	 0.021	 0.019	-0.010	-0.016	-0.006	 0.004	-0.002	 0.002	 0.086	 0.095	 0.073	 0.076	 0.037	 0.048	 0.044	 0.048	  6466	  5948	  7928	  8033	  8033	   05:20
 270	 0.014	-0.005	 0.002	-0.003	-0.047	 0.004	 0.004	-0.009	 0.065	 0.097	 0.076	 0.090	 0.050	 0.046	 0.047	 0.041	  7054	  6054	  7812	  7417	  7812	   05:09
 271	-0.024	 0.036	 0.021	 0.023	-0.008	-0.030	-0.005	 0.012	 0.071	 0.086	 0.092	 0.078	 0.051	 0.044	 0.036	 0.043	  8269	  5001	  7228	  8042	  8269	   04:22
 272	-0.012	-0.001	 0.022	-0.017	-0.017	-0.002	-0.022	 0.011	 0.072	 0.084	 0.078	 0.078	 0.042	 0.048	 0.047	 0.040	  7303	  6000	  6774	  8340	  8340	   03:51
 273	-0.009	-0.010	-0.005	-0.017	-0.012	-0.012	-0.001	 0.014	 0.080	 0.079	 0.085	 0.086	 0.039	 0.050	 0.045	 0.050	  6672	  6455	  7387	  7823	  7823	   03:30
 274	 0.033	 0.059	 0.033	 0.015	-0.012	-0.022	-0.011	 0.010	 0.086	 0.091	 0.063	 0.097	 0.046	 0.043	 0.046	 0.049	  6949	  5591	  8266	  7538	  8266	   04:58
 275	 0.016	-0.011	-0.037	 0.050	 0.021	 0.010	 0.007	 0.012	 0.087	 0.076	 0.099	 0.080	 0.043	 0.047	 0.044	 0.044	  5850	  7334	  8891	  6299	  8891	   05:08
 276	-0.013	-0.011	-0.002	-0.011	-0.020	 0.003	 0.025	 0.013	 0.079	 0.090	 0.065	 0.085	 0.045	 0.044	 0.043	 0.045	  6898	  6065	  7966	  7454	  7966	   04:30
 277	 0.013	-0.015	-0.001	 0.018	 0.009	-0.007	-0.014	-0.025	 0.075	 0.102	 0.082	 0.094	 0.039	 0.047	 0.042	 0.045	  6599	  6396	  8369	  7082	  8369	   04:40
 278	-0.004	-0.003	 0.008	-0.030	 0.001	-0.019	 0.030	-0.001	 0.088	 0.087	 0.063	 0.087	 0.046	 0.040	 0.039	 0.049	  6336	  6089	  7798	  8157	  8157	   03:30
 279	 0.013	 0.023	 0.004	-0.022	-0.008	 0.003	 0.029	 0.026	 0.093	 0.072	 0.092	 0.073	 0.043	 0.043	 0.052	 0.047	  6278	  6410	  6903	  8709	  8709	   03:29
 280	-0.023	 0.007	-0.005	-0.000	 0.024	-0.016	-0.002	 0.042	 0.078	 0.075	 0.069	 0.075	 0.042	 0.046	 0.052	 0.042	  7128	  5931	  7892	  7551	  7892	   03:36
 281	-0.012	 0.008	-0.009	-0.008	 0.000	-0.024	 0.032	-0.027	 0.089	 0.069	 0.076	 0.089	 0.049	 0.048	 0.052	 0.052	  6231	  6102	  8219	  7536	  8219	   03:28
 282	 0.011	-0.003	 0.007	-0.007	 0.034	-0.020	 0.020	-0.014	 0.071	 0.082	 0.073	 0.077	 0.039	 0.046	 0.044	 0.051	  6323	  6140	  7752	  8098	  8098	   06:41
 283	 0.022	-0.002	-0.026	 0.007	 0.039	-0.002	-0.010	 0.005	 0.083	 0.090	 0.081	 0.089	 0.044	 0.046	 0.041	 0.041	  6080	  6578	  8765	  7079	  8765	   04:44
 284	 0.014	 0.044	-0.016	 0.003	 0.011	-0.018	 0.016	 0.008	 0.076	 0.097	 0.072	 0.076	 0.044	 0.043	 0.041	 0.040	  7191	  5025	  8543	  7753	  8543	   04:04
 285	-0.025	 0.021	 0.012	-0.023	 0.019	-0.001	 0.005	-0.012	 0.076	 0.064	 0.068	 0.100	 0.047	 0.045	 0.045	 0.045	  7190	  5725	  7702	  7691	  7702	   03:34
 286	 0.001	-0.000	-0.012	-0.002	-0.017	-0.001	 0.022	 0.014	 0.089	 0.086	 0.094	 0.095	 0.046	 0.046	 0.037	 0.051	  6577	  6478	  7859	  7442	  7859	   03:40
 287	 0.009	-0.009	 0.001	 0.009	 0.023	 0.009	-0.003	-0.021	 0.078	 0.093	 0.066	 0.071	 0.052	 0.041	 0.047	 0.049	  6329	  6195	  8140	  7552	  8140	   03:38
 288	 0.007	-0.004	-0.010	-0.010	 0.010	 0.003	-0.008	 0.005	 0.086	 0.073	 0.067	 0.066	 0.045	 0.038	 0.043	 0.043	  5957	  6725	  7899	  7850	  7899	   04:02
 289	 0.026	 0.002	-0.013	-0.007	 0.023	-0.020	 0.007	-0.019	 0.070	 0.074	 0.104	 0.107	 0.047	 0.045	 0.046	 0.050	  6095	  6650	  7964	  7535	  7964	   03:45
 290	-0.009	-0.023	 0.009	 0.001	-0.010	 0.000	-0.006	 0.009	 0.084	 0.076	 0.068	 0.071	 0.043	 0.039	 0.042	 0.036	  6310	  6939	  7602	  7716	  7716	   03:52
 291	-0.005	 0.012	-0.011	 0.007	 0.000	 0.014	-0.012	 0.023	 0.066	 0.074	 0.073	 0.082	 0.042	 0.049	 0.049	 0.041	  7239	  6036	  8069	  7042	  8069	   03:48
 292	-0.003	-0.026	 0.007	-0.010	 0.007	-0.033	-0.003	-0.000	 0.068	 0.087	 0.070	 0.092	 0.052	 0.044	 0.044	 0.044	  6542	  6384	  7863	  7561	  7863	   06:11
 293	 0.008	 0.019	 0.005	 0.004	-0.006	 0.030	-0.005	-0.022	 0.064	 0.071	 0.073	 0.092	 0.050	 0.042	 0.040	 0.044	  7036	  6197	  7983	  7215	  7983	   05:11
 294	 0.002	-0.014	 0.001	-0.003	-0.011	 0.012	 0.016	-0.011	 0.078	 0.066	 0.076	 0.095	 0.049	 0.048	 0.039	 0.044	  6149	  7087	  7937	  7167	  7937	   03:44
 295	 0.010	 0.000	-0.027	 0.013	-0.013	-0.026	-0.007	-0.020	 0.081	 0.087	 0.073	 0.065	 0.047	 0.039	 0.042	 0.050	  6184	  6164	  8609	  7368	  8609	   04:08
 296	-0.013	 0.012	 0.012	 0.024	 0.011	-0.046	 0.002	-0.026	 0.081	 0.080	 0.078	 0.089	 0.046	 0.041	 0.046	 0.046	  6916	  5847	  8270	  7385	  8270	   06:27
 297	 0.012	-0.012	-0.020	-0.027	-0.018	-0.015	 0.010	-0.022	 0.061	 0.077	 0.093	 0.098	 0.045	 0.049	 0.049	 0.043	  6462	  6387	  7696	  7715	  7715	   04:28
 298	 0.017	-0.029	-0.028	-0.005	 0.007	-0.036	-0.010	-0.015	 0.092	 0.075	 0.081	 0.090	 0.038	 0.051	 0.046	 0.046	  5118	  7474	  8614	  7134	  8614	   03:38
 299	 0.041	-0.014	-0.015	 0.004	 0.018	 0.036	-0.013	 0.006	 0.087	 0.088	 0.074	 0.077	 0.046	 0.043	 0.037	 0.039	  5452	  7369	  8341	  7296	  8341	   06:05
 300	-0.014	-0.021	 0.009	 0.044	 0.015	 0.002	-0.006	 0.010	 0.076	 0.069	 0.092	 0.067	 0.032	 0.040	 0.050	 0.042	  6709	  7084	  7584	  7285	  7584	   05:51
